468.91815153569274
475.7549922253146
435.4467382593285
453.8081633494255
465.3389598890198
444.8674374642502
551.9937243409865
573.6756268231144
545.367184260299
550.473144475677
568.5146011348625
525.3101027442976
572.4520400269388
568.9464539839674
511.1954286352327
527.1509775486492
568.7770899869554
528.8891974979286
651.1249883652061
666.8492929265705
632.5152828043898
651.8900641975503
686.7894834151762
685.6266515628581
642.2334062644361
615.2236537103647
567.2727450929398
564.0299707700144
652.3787651701776
598.1773430311746
505.20716166155574
511.1907814854563
477.00269555021134
477.5394760959031
526.4618946103967
483.60565800595174
540.4864128947399
528.5175893955816
498.9076089315449
498.25904040733275
544.4254880111716
540.2715452846784
673.3451441423207
675.5145722874371
703.7782954745434
686.0841638910501
721.9235269221731
805.1138255357005
772.6341443328569
836.399049771934
777.0009568460346
783.631621914024
735.3071435689048
885.7627275320862
775.5914207809119
845.8919804374003
768.5041882484559
749.8836641442156
820.3788884505399
859.6283563433695
709.8106807332019
757.9820334781607
893.4911195822945
920.0094898758533
806.3049810528502
1005.1661644787405
602.3922058512111
589.2481428166938
555.2239862103521
533.130382547487
617.7060165149405
557.9396151005553
623.449149600759
621.1856444903204
608.3232313384499
594.5201033190117
624.8203711207161
601.7520337800919
801.6421417590439
932.1885625521564
788.6440216350163
784.8255415822733
895.3303067281548
865.1314460974975
917.5611346501264
865.9665134206208
1106.6252384247641
1141.5184246366584
887.362960958954
1151.6894073126273
926.495744689116
1029.2178397487817
1190.410245103536
1059.7210266139912
761.7520341183186
1034.5124802269527
756.3287485211106
790.8606366737607
799.8961207791206
861.3441772629565
724.638022567589
1009.0174238000817
688.5546768757113
699.613404949946
623.3533445806729
617.5847830715784
675.7343257078735
655.0177916362684
611.74877893791
658.3574842624303
573.61061945805
574.2287971801416
606.521986029726
540.8396603594836
865.6050205781875
892.6397320948029
887.7076013823164
795.3526917406413
904.7447333575359
988.2505284172107
1095.6483725973217
1065.051893026416
761.3977794124752
993.8517143254779
610.0856807851816
640.9481063316339
798.1278514144942
970.076312330512
517.9432216874297
553.7452580087781
630.709005435968
1064.1793043283942
712.1975978659342
869.786454635009
634.6820308212298
748.8972277830744
904.3387774350633
1173.2778727244597
651.0381187399264
633.4050778862986
589.2333742460225
597.3903040202229
688.1162262280504
570.7901403670447
662.077324549341
758.0821694235507
656.6730328510075
639.9127478977116
660.4729441957453
654.422306810671
746.5746978081291
895.6233001202438
796.684301792356
875.596320331639
892.3612754911435
977.4553249213456
984.8395900277773
949.3745124570617
1046.8580314571216
961.8408832282698
813.7551173810796
1201.6057104988117
1028.9533169298609
1055.9274906537046
714.7722773911651
805.4598418590624
467.9039222860355
820.3891221120017
756.754148245719
798.4915525068526
644.0872178063652
699.8336992408847
953.3956672703032
933.9785038403916
644.978230235548
720.2751624423732
610.8418597692009
598.1286869931503
641.3785392933127
523.5811979611439
614.174486319299
657.9521845399597
603.2867815332916
612.4365409913004
662.0256509071709
634.5918651884186
866.9106905345589
892.8848518203455
798.2287889360769
891.7155597950751
804.0347583400545
906.9314029238229
1159.6046369251494
936.1396881580554
923.86715506792
849.2501567326926
809.6158592188469
1014.0520072429177
845.0693778532876
984.3299798605353
1057.4602312082864
1114.7859181872236
431.5615963091181
1234.190244710972
840.2114058063647
817.9668677811544
905.4877809878179
932.0895378008614
828.6120134698665
1059.5483200063377
663.3660370519301
685.1254430537899
627.1375762448648
584.0513538018373
626.79770792442
518.2441079486989
574.7821001184467
584.099186375402
523.3194092495801
525.3240238443316
562.4533028373287
574.5002792655175
796.6548044709215
717.0257948028789
874.514095498453
840.1612554365877
668.8886832532814
949.6630699340772
833.4303852917951
859.3299216998264
794.4032281238112
760.657524466652
845.6041360700035
825.5717250365024
778.9777109988569
806.7704111643808
898.6051318099514
876.8667550539242
855.1610915156567
1110.5888027307851
632.4018202968645
763.3271509105011
826.6524315045249
869.3003934868749
797.8997275497504
925.5404628726002
531.9243985554132
580.693739484231
501.6399079118802
522.3482364031656
593.684401106372
524.5503717680909
481.3654473243632
500.8122575576783
446.89301897255734
462.23458892943177
495.90565933684775
449.05877073712617
589.6775223820628
616.6755715483414
580.4120502061924
553.7803078156724
629.3443826700194
596.4212543543338
622.8690287396222
622.8097701984492
581.4188813468902
592.6978569602746
634.3258322406102
633.9026458591643
628.8548362843486
663.3638430286113
578.3515295503398
614.3307277826485
640.2406389766992
639.0475248812797
603.3676119725225
637.272313581498
606.0625388969553
601.9734626095291
629.6092464965845
628.7540176192915
439.0942191522727
450.45652486072896
409.46614123623834
409.0034263130611
446.18334947337644
422.89292997494505
472.75741852776514
471.08625331516254
472.633844740479
478.85346562164415
482.35765889367707
466.40930666884867
584.3247313519719
576.359504615539
563.5737350649065
559.8045893603639
571.5211103456012
567.2171999751629
598.8685032795423
590.317781525416
532.655383954133
550.2322549674882
610.7880378126947
543.1097873602098
724.1904488949904
720.6556948792199
715.3174360192075
705.2887160657964
731.4679384875001
723.1195529186759
610.5395699343754
664.21368672132
617.4033672779184
621.6955195240163
697.3286287702622
627.3125435168225
518.618654933601
500.71133511744597
492.6834511482044
483.42837739060246
511.7779073636596
514.9293199140558
577.8372096105203
553.757667623547
547.4886739073621
526.0069001758847
576.759125943901
526.2650829597314
946.2268383022363
268.03238702753816
715.5833858078546
360.5313724953239
936.1246216581255
883.7302457143255
900.965930088712
855.3206970910721
1017.8177398371429
913.7412783500741
985.6045005702912
1042.2777304051722
306.23803875319794
921.0204990161712
976.3105954410025
373.9324232349383
958.358883220568
994.9550189584395
927.5127877319421
428.0936657870547
676.169921813429
931.2344203670867
609.6461290896852
1139.2501094678348
650.89156477286
652.7877191397066
586.2222073326442
603.9861217295206
631.3738098341607
568.2490168858169
613.3253876510867
614.0627081756485
643.6370091592871
626.7095142020676
675.1755173173423
595.6280329484096
401.64930622167776
941.1611248481548
24.509791783159045
428.7865088472709
995.4148591009474
24.129939115627536
344.67400243946963
1115.1189744045178
769.9399279425735
1216.0560304711257
1131.7152793246953
1165.4115898725208
762.1220668745264
613.2956816586255
605.7817798380781
1099.0606162503425
574.2002518010246
337.65857662469443
1174.349362756539
534.8204218997611
255.40506952577198
1155.3891920476744
160.79558570508317
1027.3013952362585
672.535200527992
691.7167652879496
671.9152853186031
664.7350965629341
620.1945004569724
640.7534454581528
604.7489897386916
701.4923047797021
568.6763065491667
580.4303116967432
655.2158851989811
536.6810630198179
293.62838399078726
1073.5039056105597
1164.8722490591842
703.531369787451
235.83877847761462
257.1313571496782
954.6119953213216
-647.476081984556
-504.629561078198
-1372.4680468342497
755.6351509567517
-711.8654805828154
-173.26158820665674
434.4057831979576
1451.4518112344185
1361.163752997448
110.52889191626261
1362.8485847583897
573.8048072734634
105.38437791890979
1325.7347830260512
1351.0026157569164
284.64594920521625
-56.795714422335166
624.3631350434263
638.2163316288561
599.7803134223486
549.0829558245877
636.5000998590334
607.6282551732722
653.6229805421204
617.5292745621757
675.8076182134209
685.8040216421269
668.6814959271401
634.1705234495623
1102.931422880181
1178.0020930145604
687.9704684519633
-25.11506576287261
-241.61014961672763
332.77154334868237
1254.2532393887554
1307.1874248466947
541.3127268314059
718.1887931127916
1012.5696011678624
564.5755233995196
282.16070066421923
1170.9392877068165
66.5466286254103
962.539144421029
76.59889027486953
850.4561107606902
1132.5399418666864
79.83631001248538
1017.6089704719033
1099.7968633463177
134.67688275665046
421.1510170930073
623.7812032155102
600.7199620406749
561.7862223269508
578.5298456998083
612.9070532191922
561.0090095523786
696.691546263012
707.7955971703074
656.8746453461121
631.8064022161087
675.5515509123275
669.9612261387222
30.87391425778368
578.0777822875754
302.04678883526117
495.97159092735313
998.4446198259467
1002.0360973722637
1299.4912340856145
261.6590435410659
574.0102552958964
514.7910171202641
1362.4186376244327
1099.767501378684
846.0193044537632
848.2414553222873
1066.711022962228
1402.2606833564157
413.3877819146412
1345.2554112671835
-71.31088968039089
1153.4674758222868
427.14975792183185
229.23577990956878
754.6044048274942
-15.939290100186412
544.9043819480105
522.0841209924444
469.1827820844813
493.56955434450066
653.010513786302
556.940859244399
619.1627696873444
633.8493420844983
584.3434737243454
601.176093929818
648.6218904797338
584.479409198063
547.8760630550348
799.7295917640586
1092.8429560530706
1063.4109172168407
739.1831005538276
1104.2160844069538
593.4693636360853
579.6868428831817
650.4478838085361
882.330125188496
211.36707633685356
844.5111987486533
750.2372164559118
864.0046916870969
69.78307054680747
1435.307793903842
889.9570112412799
1025.5758702009334
775.1739139049058
541.2163530324098
520.0325279692278
923.1259776936022
611.4621817096142
1066.4274839123336
574.8746119361878
580.2869730573974
543.8811909268616
573.4110557325898
608.887835851014
550.8489937542787
486.9343718526809
494.4611214136777
472.2645581682996
474.10289434220164
498.63330396867957
464.516503133566
636.001325071652
659.4193245125133
604.1256897047355
626.6950789035881
678.3631655228901
627.6993871610483
740.4835453377545
704.4893725310109
674.8718860315925
677.3786514394205
696.1942661940133
627.6040296624527
681.4627277344099
690.822133667225
644.5953858201142
652.7210000109633
686.9755173446044
640.91218197263
679.0003765596513
717.7519969042594
680.8538555399274
683.7372919468309
706.0058824386996
682.4244019362101
455.7762123522646
461.92638327031995
462.19043207938984
427.24116136164184
468.22193464634876
451.4454307337095
697.7227190329056
628.5444527143597
715.8574691036471
674.4801280749507
683.4605972198701
773.8156559332405
772.5570535337217
872.616621147752
938.8051303530068
796.1998394676313
1025.108639148062
475.41596385523894
587.5432198005792
800.3969103819201
640.5196889276484
787.4355135289572
773.9257257151475
836.8559812687987
854.5281334327257
855.9735257369193
661.0355834263429
435.020130886727
267.52669412659714
302.3112437961386
1026.5374564592896
1206.9805324515837
1021.9705318611943
830.9436372526753
792.1483239435962
1216.3781148798148
732.2986101463165
506.8031514416677
545.2692495065464
607.3017178269226
757.5215569628471
947.6707199907358
465.65766003883016
727.2887014588331
903.7000276957228
790.1866943818795
598.7908664154342
896.3058482826725
-562.4965404114351
481.8237866641415
1135.103998626956
1059.0736470176869
-321.72030914246886
-1184.423576137076
944.8162972770054
-99.49606715559281
-1130.1963040693074
-620.6955057705767
-621.7862489845161
-772.6341525329715
-58.1944922177091
-1285.9393596453149
1011.9678800567391
-790.6762339313221
1261.4417064244858
-122.76800122413209
-1559.311458473762
-669.9738779768245
745.5750566093482
1425.013341450137
-242.24593516058894
574.6722212462865
802.8247276580322
972.3468272141629
985.7085796290138
971.9935736441997
685.8529429340371
818.078451512004
966.8434919030332
471.30246990540144
1337.6242866921882
1265.1394977510986
922.0635332211525
788.6127827949315
933.6314858830813
-354.38662107529734
-1058.2481838667393
2003.4266513251632
546.8076893331873
-1257.345367364091
1560.6599407832462
331.391237602949
464.9167829577247
1786.942871169093
1236.6425601191947
-924.5448928880136
-295.9113886847932
-1238.557482657967
1917.4650030049625
-1391.1077873527531
1795.8211628305937
-174.5089460599673
-5.897319748350899
14.456942733884674
1561.3677415155278
-448.7113592447886
1275.803242937949
1271.9449011618622
876.1299032358756
803.977022909938
828.7054918354365
496.82046321765495
989.6471392965786
781.616501928463
733.043957934942
627.2740455572766
641.6079531482416
666.7721752010451
983.9140575175051
953.3158839589751
1455.6303217409356
-159.7109608731837
666.336195481924
2109.8320007903744
1013.9936609764038
-747.2108820333331
-623.7740757768863
-73.08782352613261
391.85811349957015
1968.243193609401
680.560389265384
93.37694262281954
23.683028395977807
-1198.384142137468
-533.3503141796019
91.1112123674992
-262.71987496866234
782.9407654966725
-673.9521516400355
-398.3662649742624
828.7438622339877
-993.3626911155775
-1258.8101553022886
-741.5597347645207
1334.167957053922
449.4661413723305
373.11828669216516
1350.8069607692726
288.07313066459886
839.5343063584722
349.31418107386713
907.9643290545877
466.96108296021293
66.55171318754654
405.9306181325216
213.7575303957645
382.0844510950256
-273.0352438683408
748.570467629192
798.8261728958751
817.5418592094769
-474.32083252413065
-1057.42112633155
-399.1137555348437
1492.1416783083953
-480.4989575719578
-775.2656638174931
1430.30204013219
-691.3916552588445
1573.0186352957278
933.7875473983443
155.26172974318797
-31.62668139049528
1472.894567009107
1350.2971476989885
30.73413134134793
-1017.4295338671536
113.2172672402838
1285.3618491289028
-165.01726406592823
650.2382822025942
652.3927967452513
698.77745960044
572.0248118974
987.0338574772949
850.3799074914269
1048.655984593268
1052.9229788553391
752.672702303117
493.47402982451337
1109.7505340050577
997.57894169316
1009.1915787123386
-1443.3792101319057
-55.91467310849822
-151.0233714675661
-78.00576695679018
1857.48903035184
-791.3409617113631
-1526.8515981873811
1201.1776555170647
1907.9726383120953
270.7972280743765
1415.1971027552431
-1343.992739610554
-552.6532695398198
1982.8156568295758
-1098.665676342184
1863.374885700803
-1416.1666363632453
-922.8584559126101
664.659715138072
-972.1776483232688
1162.7352061096217
1645.9187879464491
1947.7680337002812
1292.99989112334
589.2009877503064
1274.6582734406193
1235.7022587382603
1308.0692482581703
912.7433943903104
967.8536196113824
563.9987473905014
881.3855523279298
808.8234088436583
924.7992165058771
1039.3494017239027
-1385.7940029312801
-546.9073722839832
-738.2051245332589
1890.3425631068358
-52.34784684526801
-1108.801963749744
145.11461595042627
1869.3345523642201
1372.6206291751269
1689.645119577932
-1183.801874304664
-1965.5348272224178
1868.09708091621
-373.4044310163262
-1297.6057101261224
347.45042721939126
1179.7873407810714
379.69933396073696
1468.3137519315146
1987.8376910001482
1004.8401589505087
1937.1453682752615
567.2159108247855
-744.4902632927264
779.222865674556
358.0877938173166
498.8499805638385
456.50071638596523
1017.7871536139997
1007.3989832761889
518.2387953235939
504.7019302946876
458.0753322479545
444.9502720277496
821.6919460712803
836.388077867956
965.8340028966426
644.8498749107048
1025.6232200936017
423.7908606575433
310.7730619767958
1026.5868882274683
565.1488576262212
528.7210940699157
854.4944985275866
801.1376499984973
534.7143297893501
854.4528813638215
946.416940728245
753.3179569284683
1008.8347929435367
1006.8927142123462
795.0485414427046
922.1797239607486
475.6015501978706
755.1668280607382
748.9684108986858
357.9618614126147
713.8938526623301
374.50477752747656
821.7697831083897
674.2542553834236
873.5066703813139
637.7008363309684
747.6421381845092
900.2419866560513
990.4927489898986
767.9038776428355
961.1333941936614
884.242894968335
940.0887835967062
979.0687584239902
1152.176731078943
405.58127802641644
272.293338815981
1263.1040277672687
926.3015109194155
547.5122770741016
275.5943698050511
788.9850067308026
560.1549575331134
339.0669147202793
922.086710847001
379.95975233280086
-204.64969804049028
147.99860790141727
-143.22687889658513
-276.7519104703227
-121.12239143670334
-36.271042712853394
-49.018679611526856
54.148505695549375
738.1546533100891
1316.8726065660862
16.76548145281953
973.7836847185232
606.3230579696126
1089.5719088887845
1382.368376501494
1399.116126606692
795.2593126316692
1379.9201236859462
832.4367952009507
674.2497000962401
1214.2978562699507
587.1921949516889
322.67068737728545
1180.8072305094786
277.63705872806275
-204.0208618418235
-1386.9420967186422
366.85617430685113
1542.5571387909708
1783.2424596955937
1547.633059865038
-757.8569932285866
299.8679166276934
763.8905283081369
-672.8585196286792
730.273230464107
-154.63420899611415
162.85484714452951
-155.8385385087606
338.0073323344404
217.60327428273797
1167.973434379965
1371.3205137188086
-384.15281494788724
1429.4553192248356
-717.3680493510192
1727.553735928795
-977.3905176358139
452.23654436516574
58.62788955945675
1194.7408443696943
725.6961297671835
1329.3048412429562
608.2377356705532
813.7784565886961
1301.6606279398936
769.8997731289068
288.21680561486176
1182.1838668406012
1005.8846291649204
-331.4932960766639
1061.8323414764398
-364.42871797044637
339.6964595044124
1568.4360811374447
622.6171839966277
1383.3444476272718
-326.94340389028275
1851.014602033102
1533.067322315886
1136.890695542916
215.25476377219184
-270.873326213278
599.0028737991958
1416.3964917580774
1253.5476106855317
1363.5055404250684
-98.50107436460519
1229.6644665291053
1772.2922030595942
-825.9177942302891
608.2351756989905
532.1088893249636
2006.0116672249937
388.4357891607989
1180.7116928079095
1072.1999467968913
993.8733068482487
275.87762677244655
1026.3741423573201
582.7285471112873
832.2956310368686
318.46094598938197
1022.0397529350774
1078.6311297451427
64.77068496257746
1419.7667399316242
1605.4191489229754
462.8147479928983
-575.0337473501536
702.7824943983004
1454.9723942969422
971.5348502119318
362.98176753010597
685.1823623045525
440.38225074866807
778.0964761711188
-535.6254775891838
553.6827933263269
613.6402613831057
1659.210734689177
1413.8813735545873
63.7890296822795
941.2559309291938
750.3936116654644
1181.3315174155075
2173.747534285611
1043.3671728292381
-387.7187480515943
1603.9733599588662
378.435518560944
548.2539662344615
-8.254345153937628
294.4057056327185
-225.7191550107779
-90.80243221574506
-125.40012770781239
-197.8627616094441
-609.7717326535559
-101.3183802190627
-124.57618364854446
-176.83355362227866
-773.9227871070059
251.93749033375164
-437.7865887575722
439.146001220287
1407.9755201178953
-28.29538516299354
1952.935371486801
-216.8090759476867
-570.8635379356975
817.0370479500257
1266.3583457867535
1425.9140132523094
-123.31527904039453
-1052.4896541802855
-246.4024796952133
-495.50285275606126
1904.1677800785437
465.5998054091976
1408.7021627582862
1149.6067159146094
989.963755456082
437.90572818790395
21.95302574130556
1491.9259305346332
1266.0647233799025
646.4262222676954
1223.2602172614934
1084.0019464140287
555.8325105223635
981.4599580941003
1182.7113029898994
1139.5246323313677
432.84589431598647
856.099392581717
76.56907302868713
897.7606981740553
1621.1119566024797
912.7504450210437
1860.1548019396535
2170.8189743288267
-643.0285152752764
-252.8757339052025
909.7868664149092
1764.719392342591
853.71476869828
330.0470629817314
-1249.5333126866426
-187.25205541135693
-756.5727648643049
1571.1213333222781
-1339.2771253860662
1613.1316220952117
-67.23012834344041
-106.56274229304104
346.19563844629744
1443.7663946331108
1821.2506191950465
-438.70002553098055
713.4645990989368
-56.378996163578705
-579.6867925299163
1095.8058882907167
1774.303431551063
1752.3948988820364
706.848555718243
1731.6475788370878
1164.7515000136907
598.3438186879758
792.0163630470787
1036.6571997199555
1125.5455422401285
993.7536126264941
-848.0314253040118
-1475.6758696086017
2269.28738346393
1565.7289890312604
1814.1129382884847
1519.2945231855963
456.0149468144275
-183.83593335198435
1021.2269242772945
828.0428304651715
1366.964580906716
1353.4223926061106
-323.1795106851066
1574.8726237058902
-171.86023601954523
53.067248044102286
625.201971601628
1402.1702865735826
1621.125498282322
-39.12073902270807
724.2946875685647
1862.2170697608278
1022.863373943173
1409.1630144447934
669.2977110695153
86.41004394980183
1306.313788847025
7.279580228945591
1339.435249565251
-433.6707030002752
874.1711830265053
1112.5970028952268
857.0752911934643
563.3383751886738
425.28262791905956
362.47151002241196
418.49417421564596
406.83903696561936
876.343892189322
1046.75514849694
397.32497905824994
795.6821958419929
110.02681146237181
139.4812226602487
875.4735506876929
-12.030462005782276
-290.7107748658693
401.08212903236523
1055.6947175127711
636.3180647020685
610.0584711450457
1092.354702033109
289.28284376615414
864.2133661437622
425.5996805046962
140.2429989719298
453.98390934421434
557.086570777752
779.0914230375524
440.3481840788624
551.7777162870433
917.2841440613956
491.9470183831536
605.411579821735
344.53472572099236
683.8931666891583
764.1966134633498
1072.3473329843778
-1030.0895588212168
38.09348668393888
-1158.7105113483603
-785.3803240761526
1351.2808017741772
1290.3914955499624
-1517.7011451759795
-1283.9749078544608
1349.8224880151488
377.2805417787361
-230.81168717649786
-2164.3825448304233
226.47752372818294
1272.0161164221208
-8.825336671758421
2100.9368184646937
1214.915063419167
511.2498675410433
2036.4171588905656
1407.6596806431257
-1316.5470957478558
773.8674806157502
-897.6449977710301
421.9736680077012
-201.97365754092675
1736.176407415824
242.57974063108207
1454.4322764515925
1737.2716135863404
696.0615058648142
1711.9783804574172
-1010.1942101110965
994.057607293393
762.6183391316536
-1370.312373766931
91.7110531620928
-793.3308465223901
606.3471287306468
-1388.2996526868324
1617.0787311644492
2339.8263105610686
-575.4411581281627
-366.871506357951
-1057.176606232928
-1093.4346845552627
-1201.9379466718203
931.6443082129833
1026.676225821269
318.3244339110699
2385.1841351030084
-2089.07815486054
-134.50449168181615
1568.299757339729
-2003.4329931217264
1087.0871286989675
714.262755483456
1732.5625573124232
-63.604550500030015
32.41221335238224
305.0796511007438
633.6939551075737
-1173.622061745675
917.5744862705103
1345.7033680539396
524.5169572498934
-1391.9989831752578
1659.130490757842
-897.0480965801792
-682.7539080941052
-96.723359301811
1167.5553756646893
616.0159649029014
-1209.6731148890822
-728.8171426818172
2017.1792621164063
1575.5853481364554
2062.467681634489
309.91580568937843
-802.1742674118403
999.8609880088305
2281.9145010894495
905.8524248036942
692.9911774706312
670.4668819380305
-1011.5334405846111
954.8080191437714
1299.4120561195975
1008.2181759701817
-260.86984458905386
1556.5210634570326
-1171.5977066197174
-1849.9839071632616
-1085.1963916605177
-331.4763511701346
-799.7373912830345
1590.6658822983816
-254.28379149751086
753.039787583193
-1313.2933090190452
2329.740011698064
1801.2670797585854
1074.3232058922767
1369.4878040726753
936.3173276107162
1133.971720185691
2003.0357473418044
1191.521718447134
1958.0497785319112
-468.07157826901675
413.32016261091735
1983.452477547187
594.8438789816734
-765.8279377015386
313.2977638508916
644.5998666798341
-1347.675051324363
243.83888638318425
1427.9394672608325
-298.0922435391909
2188.8539087716395
-1758.9380368730722
1989.8600602937365
-903.4941949117681
1198.5138742777817
-737.028301559111
-2303.9724339010486
1736.8524695307835
-2343.3005083588378
-629.0818792131943
-2328.82022128449
1994.5893498689072
-1960.0754688514796
2015.711004655561
-1415.4081044856307
2041.2072288913066
1696.6965747739882
2171.9264927451122
-1957.9704137041458
290.8933595361987
-1328.7819763663283
-876.318352843922
-1921.1486605862988
1621.4248381305774
431.6127561228978
474.9374087811833
1396.9212621804986
769.494254565536
1195.8551368584374
-2190.5735363091585
769.6126569630745
1394.8748519933658
-827.8564154442125
1199.3985930269027
284.4708174352084
2307.3068520181705
2460.7080821068416
541.5598925128701
83.62049190430321
802.9777947792315
-899.7311557500309
-1603.2275887938767
-333.31074741390063
-2327.291279159474
-2008.6857934772506
-1441.8741155189186
527.6425919708022
-1976.8672752657885
-275.95963789467044
-131.77194808779686
-861.5682244713663
351.5951665027403
-1759.2475915998286
-483.8825387296505
461.52651642233076
-1703.2664251754957
12.972829308169555
722.4125809755798
-712.2837345504713
152.9229375850474
449.978411073164
993.2859454634767
1255.7927172720558
741.3140881222463
-545.3416959396953
-1789.8583219498103
-2133.1679012236054
-2048.755320924684
523.2700319768127
-319.270769720178
623.3678791953065
-1840.608987453043
-1085.3256815169043
-1363.8959583051399
-100.64821971179833
1985.457540619468
-1283.368872626675
900.0126706151029
-111.56244968847761
-373.94052063347726
702.612533150786
-937.5772786090474
591.015272240153
1960.0632442116244
-1048.5654630460272
19.910686504419687
-921.0822559000233
-2271.4673012813637
-1717.2614094548617
-935.0459113667016
1659.6681121061174
-840.4238927570559
574.3452271168344
-709.7129792239266
-334.6604438005579
-345.81835369606944
-639.2979823489266
-933.860394515335
-668.1434864984496
-1307.8065767727958
720.6079462429739
-2177.1993285912986
755.7190526157317
446.998304455275
-705.4399300133798
1864.9469459625018
-712.8350236999795
2408.8198045469057
1024.3156962540295
1044.8597730374463
1456.5353161794092
-1409.5294634899426
1161.3605573534958
-1714.7967188028074
563.5539706159859
2298.649228124497
-883.9139917407266
-1939.0678564288821
-2131.635698455047
2446.7653835882575
1501.9994234570463
-1994.8509703633692
1541.0616595770277
-1735.5788953358972
2172.0313362560755
941.1236057052097
-488.0281879281658
-1106.645078637822
63.728708363640976
-1030.827653491176
845.4439693838342
138.67082221990458
-1338.6301778121767
-788.8031620322679
1482.0748300180785
1404.103033164691
487.8988357657001
279.7201387664638
1163.6044819501958
-730.9371089210892
1764.1315749032938
1659.8361281337768
1547.5410048914416
-1568.046578171985
-859.8643438230484
-384.648677637967
5.372398790429358
-343.49105237236165
1956.0719753447313
-1064.9697321676492
1410.8009777861591
2048.329589663351
-1933.1726675530708
1964.9978829656266
163.85331506098672
-713.4275118603815
-784.8517432888943
-852.1182526506549
156.44886879181902
1646.6997364834685
-116.74546078667731
1553.601264492206
791.7027938553365
50.18905811646404
1813.8159754571354
1020.0099299043147
-1001.6083157027256
-564.8112832934461
74.25681017930269
237.03744742334018
13.709171727504085
1321.3517076888756
262.58314231445263
1345.4745895043359
801.6937549823564
113.85008407299
140.15058508805515
1076.289694842696
1502.182278905841
-268.45974304429404
-838.7853876127602
1508.2574534722016
-1842.0913964925903
1456.3409768603894
1084.1427770138098
-175.68826499933488
1968.9452940869207
1893.9033452440322
1430.7064474291722
1714.616614052784
-712.3410088901595
588.4907155383199
-347.43434456393805
747.1724208404557
-1236.2429193339522
-603.7200395736888
1283.6296003460186
-150.79967611169167
1486.043956007586
-1056.0947856330047
-171.20569162400162
973.3903602111995
1565.7255500344183
285.4800515594686
1164.7140866937789
835.8998976791569
-630.2161979359034
337.15332314000887
1387.682015672871
1614.9343988303071
-1038.7092639993361
-774.2049273391265
761.1860740494977
-921.3872433757239
-430.3970194934885
1611.879274711627
-471.8749517158007
1379.80924448774
997.6522121941572
-1114.2722851275614
-1429.0148120718027
1440.411191118758
1883.3644416755544
1867.7134942395178
1465.1965115404794
-340.8957727308067
669.7182872025478
1782.2161056219238
672.0452586400598
306.62852749613097
-905.9854740816548
1931.1004205653146
757.093347950379
1185.9261674414063
-348.51114872105063
1996.453597047084
453.16252535638324
1600.878867438051
1027.447593965694
185.52034447202078
1443.1883557456927
335.63351142763076
1844.9019596111243
-1436.273443575652
1376.4733482847998
1823.571814431991
2146.801634790787
-858.0599086948363
590.9563950218281
1679.4346658267627
484.35556071294644
-1477.9182085133514
1499.0044427270857
471.42821740500557
1349.6280407232869
-375.8171478164143
1467.8488636292177
-736.4184007816831
1379.4871704277207
1357.578930810665
2407.700087521918
1860.4483477477397
2125.6092304086624
-1210.0300263707393
-48.58781164330229
2032.1586491786825
-164.06533515936366
-884.1366613986941
1081.092023556002
1399.0935328024339
-242.9371629863278
-594.1641153955406
-436.08997626715365
1931.760606910845
1803.6031936017685
-107.50143736099908
841.758389650434
-324.6357667456572
-290.04664638726473
1505.7609300287393
-1160.6384408130768
653.295975740789
-1308.9434054130813
1680.9038063680118
2125.2018227256553
1872.531325458637
-1024.9994266411923
-1981.5203778453938
-641.0196144628824
779.9859544434635
-1120.528768441858
-1937.810155582344
-1154.2571356546398
1472.5796401978039
-979.2723947162391
577.0416679602598
1050.5052596102378
982.318780730716
635.1528610569757
1414.5006309382184
-862.8659393715345
1527.4718031022023
-2070.61088566188
-2480.8805070672734
1541.992136210158
1992.2005954001152
1483.3965949177405
2032.1016646886976
-1815.964355247388
988.768262726125
1966.3149165323605
509.2782512073546
1304.6643500116986
-318.82062283948494
253.12786559944254
-290.8093992689632
1805.6747828858756
-129.30184033676738
-1150.1489378495558
-509.9232770623332
1166.0639565706829
-828.6590142548914
-1711.3360290631829
587.1265630304728
854.8125208163493
1455.3925514642765
537.4112521285115
-1063.5013294089435
-688.7891546041277
1971.2662906976277
-752.9292004957808
1678.7434559016074
1931.5854499021323
1948.645616173813
1959.9078600352207
14.930977809097172
1628.0038963452332
1914.4090989475858
355.37928834999065
-782.1157497252451
-1035.037754583872
-712.5747923174496
1000.188275664769
851.5136065762558
-488.8089036013305
1911.0255094158483
1619.477025760165
221.2974599310691
-1075.259621481598
1255.4583347364978
112.28369679847285
1423.6095043551777
508.00586539020463
1386.641049564048
1012.7333411340805
-245.42543679176555
-32.12749513979593
-325.5738660936571
-782.373588772634
-1284.5843757567525
-1088.6252983513432
-1201.239515179741
27.19435135015557
1940.4768911406834
-1282.978978964796
2267.550923658634
-735.3995100448574
2286.899012404386
-1187.8838081114955
1577.1133962769895
-290.0418228921387
-136.67341137944862
-425.668757945183
-476.4090384515362
-478.8851224887977
-1830.2824603415572
1819.3079614477151
-554.2740505132946
1003.3940805637709
172.18067362143458
-701.525206223915
262.687126912709
1271.1837647196623
520.5784851857898
-142.8666271792132
448.92801853941427
457.1356147733301
-816.3219598245933
-425.43952975084267
43.96493249693116
934.0068355315652
219.52625738849343
865.5811363295385
-419.56845233481596
-140.798591930872
646.2388783121902
-506.3234097345145
622.6685185835645
640.2053808255561
-1038.8555558527564
-907.765107619383
1979.6582756504097
1456.521245380962
639.1450124919387
-1319.451333378377
1239.5264360625354
1950.0019054008528
1746.0322421662381
1543.976459768865
1585.586831088837
1635.6279706101668
-1712.019221123949
1137.3314965858567
1104.1067558264508
57.51690093919827
-913.9063583631039
1056.9882771280768
-71.36178884637062
155.5092853800578
671.2947364616158
956.7721250007207
1778.7816331472009
244.95277998895835
1087.5008652712083
959.4033013959443
715.2618448250788
1922.8622211670977
359.11190915096665
-365.19430994183654
1886.122795095754
1532.3116395009263
171.71542486484728
-544.3460737173327
857.5357620514897
-67.95156666811314
-1255.6156020051285
-180.31808425637473
511.56171918041844
-242.7403130926743
-611.7282660442768
213.61508497329635
-942.6060212118164
91.83106042680896
1537.5406972158416
-297.486077418268
-1208.486482393618
2113.6808964484426
-1041.3467109639835
2074.509816428994
186.1636704143541
170.43298496748963
-57.1650842454912
-506.480420175297
1238.0854027366881
-173.40143647797282
