255.36050863550182
260.66679716345965
251.09059387059924
237.1872921031208
255.1447172029757
237.96737423780598
312.0106268275664
322.22795525872453
316.42456782276037
302.65485403690013
315.37907361374727
307.17833973871785
396.89564730705007
397.4237188293703
401.2304372689151
391.7022803558944
407.2632791986817
401.6275299335965
376.2775359773661
382.0790734608486
372.237319812943
371.6414035565803
374.6341148882076
258.6444447402097
352.65869703564226
359.57164351932414
351.8576460106892
355.4579058147989
363.5280685951877
345.9787949743181
257.3438998292354
268.95154319060015
219.60164842525643
249.4658638628976
259.1303625228851
256.70842575484124
349.2579492147851
360.4001059969403
347.44337180629077
317.9456617873468
361.5522264819167
319.3496901998783
475.99816620613973
323.510117449071
487.37901757552237
489.2661819887511
481.9232999089502
484.9588234661478
374.65650851331907
548.7556119372624
552.5970834030988
535.1387263594956
560.6200053806655
565.1650849604848
407.303290752789
570.8058207389547
446.7512898384961
569.1087842247267
564.5798547203077
572.6334294756934
538.9252807660665
377.50660093989353
562.0145163078521
550.0675298544985
541.3816317093161
562.2927471317765
362.12788210082977
357.55744345027836
358.20573383107825
357.2102367458753
363.9674615918405
363.17621199413827
441.1510080038604
440.974446983206
444.3675069792326
443.0978621016355
445.1163723788447
446.6254565508843
580.4314382010277
590.573370898209
502.5338732633123
578.9950031533552
503.1429912441836
582.939975436898
580.0266491677148
198.9270471018907
21.923921361551926
290.66650818702504
565.3780900901405
830.443529541783
-30.0864587678589
381.7816504007479
681.6155915758961
691.9508982296943
693.31034414237
324.4621765690802
751.7027214970408
744.9457427079119
749.1393528900223
735.1598735404156
745.130829760152
745.8711093455246
363.5997733646138
466.01016506531494
437.1244465606382
326.1618421384264
454.7966403625246
458.5857729557885
440.966073455969
453.26072449876426
455.2859421742206
458.88628483159994
455.0520418421834
455.1610973358317
454.50902489417047
569.8150452231905
541.6101400344951
332.2063836563663
363.08068657150113
290.34934891279016
606.3736353479104
618.4844758708424
23.379037276102878
173.05441145350252
158.484073942808
863.0418068060548
759.72497687441
-268.04517308776377
483.6464920496151
434.8827154262937
756.2066352769609
402.61763625513504
680.8791323389754
681.6976692324087
114.60619806612422
677.3300899128252
447.0085666211313
678.1992756191523
476.9291719684448
435.43990982801387
482.10361608551796
441.5796689469206
484.9802115271821
486.1583275809608
488.9672250029003
496.0250603287908
419.5122600722354
489.40458622290015
494.4230726916219
492.53525092877055
297.23971720021046
514.0851311993202
-89.2979600367372
117.89373990461975
515.2704613243357
514.1016112020224
649.844605139185
-316.3654432058108
637.4778891448638
117.50698758889669
635.2561811092952
590.791882581863
292.4918909097854
743.2327628645531
748.6274213632163
266.52618271457914
5.0046037148550475
748.4458381729978
434.89302912747786
592.1341197829873
531.2981407962179
423.38976587705895
549.0587192460092
845.4015645744212
430.44007419336896
431.11087790442633
422.672876385639
406.7105472945675
443.91992651623633
413.4926528620318
349.4983638320139
385.5127661877066
376.3031154741259
344.936655686983
366.155150518061
369.02065759265696
585.3940523668155
559.9589714183244
416.6702830575856
569.5289740990193
554.7519336938076
581.2283942932945
195.0789217665033
-298.79225345099974
159.85092153074456
686.1328956208285
536.1222279897454
691.4852730455973
101.45139134616618
685.2753622401483
-415.3171211559189
734.3893722817818
680.123411050176
732.7758022672714
500.17884315072797
526.7147665959541
513.5479290842397
511.718005196419
506.1799093921522
498.86625777770524
332.5440281684404
340.70145077634925
276.97159344026755
275.9193233798995
354.3322996804053
217.7009431048682
358.83137079815606
363.40174296134285
296.69144869138927
355.1104039780544
358.8725948912453
361.7540135318164
457.6186327570434
457.8191147374656
350.43432478775406
396.3158202542024
452.451615568198
462.66874564433306
429.9220478847219
427.1559006048593
268.87291671058216
178.96450446416438
244.9571581630461
405.8123850747436
517.4104260288652
483.85514036880437
148.64655381041607
502.63385046657737
515.8339799661422
183.22461240449573
439.9855594616866
425.8230924798004
328.90633084343074
434.5363290405431
441.27955901573677
438.1625138524626
279.81816449261174
298.47280391389
270.562558096153
270.0855584510751
278.10565191906295
274.08564883427033
256.16680505574095
269.93238357104383
258.0480623244096
266.66053565310443
275.0909918701591
272.9171122040736
362.3076732827728
367.23125644834994
362.7939521009491
340.3868576269848
363.14239946313995
365.62201553246837
314.29013130176213
323.7949113871854
317.84930444469103
311.6330183913349
325.22580562526514
322.1143811464596
331.859545399999
323.0598823242241
313.34273724671584
229.19809996550825
306.73211818289644
326.344813903818
285.09368600370783
284.1240206236277
279.7256594790552
274.2446946912607
285.2745475025761
285.7224966545998
196.88403326766098
196.10968063447478
194.59370789231278
188.6552402175241
204.20473248898853
194.9676966333984
236.4864855029187
230.63182800754782
235.81011797010248
237.5059434883202
261.07975616619717
235.88828770190906
328.1553956664545
332.05347314823683
324.75760261283614
322.00878785528437
330.6985286656935
298.4228637364485
425.7898342515655
407.8508926971123
423.4122720619736
425.27657581246126
431.62107520732417
424.93957358600494
-144.47606910629852
353.04713012577366
-158.22136398915586
-169.03575461122136
56.74409142024885
327.9527000091034
301.4456614188318
291.29433484244777
354.0813268824984
358.30915741766125
360.485406612103
357.6306446288463
267.7390140354593
271.2447180472096
272.39966681045667
272.73876713612316
270.94994753369986
267.06084113906445
18.35930413042827
314.82430440393614
104.42552203875294
330.8525154890465
333.1089452974636
-67.12712201279011
534.1014542485793
217.83218991351202
532.2287246463122
-221.2632257559005
545.9780447280281
316.9201105496378
629.7335883083236
113.36511904294909
565.2353873466296
640.1035965811174
641.4948755994365
646.9754174708092
616.591323492808
295.60765891957885
630.0301405802169
634.8735137285103
558.4515366589104
202.18605314687173
154.06951046574173
623.785479867773
517.8898291383696
-373.1723613099227
602.5122358555273
608.6265354962214
268.7869940258993
327.87115450777065
71.62842593554376
350.4835640637586
347.5436203855811
113.95829581656459
179.61273815734117
446.9613064608714
367.1508935162517
446.65253549041273
449.6653057577598
443.64927220526215
-741.6695940065661
457.21796527586065
609.9696879634176
-669.5747688459576
610.5755748909777
-631.4661788582838
906.2013381756453
302.48034019496873
932.3467133164703
925.0939141158502
-557.4767507101282
489.7823900073419
710.0050361987896
-890.1505093333822
530.5645904093785
638.8861875629158
-812.631132820346
1352.657657189263
32.29936888656611
-594.903375892723
719.6217802329724
606.327336969812
460.4748919999805
722.8968218594453
441.23766704329176
468.879613771427
462.09201994868755
450.1521176105817
295.8234818555312
103.82835954041367
467.1351122844239
340.0504899754919
475.77931360950436
416.4255165835435
473.227292154754
455.9070335941832
-155.50695609286186
-356.28030285170365
-1589.304842852311
260.52289917884644
-155.32637800741244
-956.7089619904546
-105.76979337577927
929.6247552484349
651.0462360869515
94.11758759315288
962.9847920420341
987.6410600870161
-963.8360279716455
690.4292851611834
1050.7391497513547
810.5188553133052
1017.5558141024045
-668.2476869104706
412.2858549722877
-159.36630095575626
622.728913777408
741.2924365908219
737.8407615033427
727.8959479334369
503.0220620505974
497.8960873664782
492.50629976030643
451.58785706925335
48.385355860082285
498.5925608003856
523.5022572190934
524.577958492619
526.0628263422122
528.6495097452445
518.239298554558
281.8198663057174
995.47718046724
800.4604109083941
-749.7838187917739
-255.32501905721702
-683.8200158031566
-1155.1302728959265
-464.0705561251449
-769.0897313384979
631.8783250741701
848.6755836746652
-750.606064500607
334.53936848523125
806.1330913415533
807.3795561371181
816.0533162003675
823.7111863168068
579.3868271186393
-239.57315998391715
151.58047754559973
-487.05058616657453
940.8493935218476
371.01052893627786
918.9954861599597
927.0126465450757
427.59337926494106
316.2668325809713
435.2932712472504
436.15420183237507
469.3770502481004
427.725065681211
382.59644751090497
230.98842239754822
377.54633792382054
376.3545245918353
382.91327496157976
380.43047572484744
110.74328435490415
310.0112679647151
424.3621904673385
628.746279813123
628.2305932682656
421.4732528981647
761.6389034945389
471.1939397713867
794.694003164653
230.8941267471455
416.0794169389836
302.9191659589354
768.3701337544163
206.80131975081673
464.315025207365
-626.817139704165
755.4641086070449
779.9769945594145
794.265372082047
-1030.526934408481
839.1922885444527
-347.95065908388926
-189.31382031881208
-197.98089559790304
14.846237093854807
301.1783315134187
255.97782470078258
128.43293953960787
-143.98393102499637
173.03943524754686
370.81712814589036
366.3356455880772
349.4946678959043
370.1108802977063
373.1521622844492
369.9609027901064
-68.98802757467868
-423.9112878248829
-296.09882432287964
215.2517831070431
479.6038882568556
-597.9471034436656
1081.1089770309459
80.65482253289557
1077.991503430683
1069.279470494687
-1694.8441919847862
583.7097707978311
626.772746363264
618.3155160883302
460.649767273384
611.616254922141
-533.9598142444494
497.6656026581187
462.5553980926769
377.8061421913583
484.57030996022917
331.7197148906464
480.295269890069
271.42081757449307
165.19857258322097
300.3772871705105
45.0431797184111
106.82243710291264
296.8800882134233
78.77322318589853
272.40322095755056
215.67396880168852
268.41352295901146
271.13575521858
22.81916623359891
182.94085204905903
402.57086518477837
393.33749631095736
402.940655912093
396.98517420820883
393.30422657593687
251.46307755290056
321.8184223119762
320.20448265695364
312.0721493410369
325.3549350459262
366.18883687097536
317.5442326890601
359.5074900897498
358.08344696011005
360.9140005677463
328.2298761941797
353.5278266747212
352.75793301557445
296.86936420118536
302.27665460974816
306.25962208900154
311.3094025351603
309.6353798729933
302.2062506170364
211.31263151695185
200.3186594383414
199.4581398552558
196.09646218372737
201.80219957155745
192.82895958193245
17.059034133696958
568.5775610173322
205.90089096167
563.9642742775577
576.2121976152813
564.3655239800167
515.5802729498014
-37.89329092484843
-114.40271908728614
267.0922693739644
520.4827597432155
-532.1544008213116
-184.65141787482133
503.17214195797936
491.9435729570867
561.7266119323042
266.68420944038394
584.2530087793682
-201.52699567902806
93.94388680598837
672.5707169996405
-597.6088837882634
376.7940766111612
668.4220455780168
224.47840952314485
451.96909899691116
451.3318345451273
447.6563278980789
-490.32697111300456
96.28803457152966
528.1433388036901
484.0964293043377
530.8094279884959
544.4905008422626
363.9416405221914
551.7279404772197
190.75320200678183
527.7909471992962
547.637234137965
560.0792580324161
539.1852050887173
335.67331099427116
-640.2323474883485
1028.98391062854
-1778.9361880921203
-197.9718944041633
1716.6085405382496
1711.7956208490816
-315.456473891692
923.8512037791533
-1541.485415779308
886.8139592635806
-1088.8780385567097
-1150.4678793384815
-1774.2484038085217
-442.00339131744795
132.78112522669755
-1743.0461755898805
-1628.7804453100125
-91.71374693527747
463.3669621989713
-243.07800610810088
-1604.8664790886874
189.7732716748158
-1631.6536132820618
-1418.240159253507
-272.0852976776237
746.9386282119771
122.42735712567249
762.0251351511566
761.7184464695424
610.8298634148985
-67.46326407192547
8.481072588914532
542.4797929533293
192.94725422085497
606.1340742256493
-560.7344225351669
-1076.2154636002679
797.1262033302944
-1098.8939199523902
-54.111463016398794
765.1722150585603
967.9657939316052
-2105.136389426391
-1578.2945580000398
572.4127214526043
-1445.0035805492844
-333.7749580926053
885.7178105030291
-863.4025964752782
-1479.436437030192
248.66083274612703
-401.374381709331
194.77176725087435
-1360.6942506957828
656.0423113122217
-1817.1483605823596
-1223.009173706146
115.46296526650899
-688.185240556949
-921.082927518026
1.7568009959141015
-639.4215305863107
554.8667458320971
506.03421810822266
561.7555592979561
462.64155726675494
-701.6340343536028
728.4852760520852
563.5646110442367
879.1759092661135
903.8516749473073
896.992618832343
1015.9713725895448
-1567.7044177890552
-1123.1916240288645
1011.0892373796077
-668.5128788808823
-566.8686492335892
1470.784818484947
1371.5733462772555
1439.7590695991219
873.5894963987171
-334.56013250658134
1417.8805547596758
-570.0786868785012
458.77809383954013
561.5976060942348
-342.0563815654232
-939.7745654107141
-73.17004308073825
123.47383589238835
1521.6661669075684
-1920.7327368304655
1561.9254340816938
900.3316676378108
104.15194213100075
740.9550628476516
358.484650580361
500.2253479350411
-390.97749444034764
772.6530130111942
748.3617698628634
525.1678891032409
137.65023813897156
456.757090572287
579.5930749295434
580.2308541409127
573.9674835447066
412.07658143752195
-527.853670418585
1077.268844461656
-2267.037323248278
-1221.2019672089928
1253.1813907108765
-1534.0893465880476
-993.1520577496549
749.1195537931684
120.39403456445076
-954.7961902562121
735.479149402762
1583.7319905779946
-1550.333999788006
-1822.4373204197514
1575.7097241077718
1344.4465928104507
1519.6399761601149
-2132.139475803497
168.5961660436793
-135.4867328680149
-1281.8273485333602
591.9911956224678
-234.08131931243457
589.2270141779557
-396.5429086448604
577.8627761319689
580.2953294039895
447.49548150268
365.30016009432717
387.35992076646875
489.5951813551499
502.75440901935383
502.36693965140944
-290.95304884994937
207.0485292479621
708.9298372533949
1037.0617367343038
-1860.7571186035216
1037.7136339028573
-352.59065102131467
-970.4942050520543
685.9034001852764
-1686.4368180773267
1510.2043999807656
-1078.222363594841
1527.272571385784
112.64077798559376
1538.1375160368564
57.11159997549821
488.56514559440757
1403.3101731306162
-380.633021556742
-1412.294676734794
-21.637609251808897
1028.2084388049557
-97.24182289584871
1236.1811102638956
-1750.3725331647547
1113.1525321366546
512.4696928688663
505.72939735081997
522.1099747497124
515.9307541582399
-225.5926457538676
-420.06273246004196
4.004926130692684
314.96027210285547
760.7721074536904
739.5728292807245
46.88830369546256
748.7031692920356
614.2114587735607
-1286.4195950786598
1377.4117286399298
206.70689095661604
-383.43182272921484
-890.2861548472731
-41.8683901918868
926.0498619327104
421.44822157332277
626.4909916391489
659.1663617274937
1171.9484505155083
1282.502291080566
1306.552601483416
159.56561978539736
848.8932183232085
-1991.3977992911357
-1849.8685955486326
-1605.1557686718097
1153.91959405472
1094.0824317858896
322.34724189995933
1277.3779332010706
1277.4773932061707
-205.84260027331334
530.6483111577069
543.1059861571313
-176.08128749280596
21.69166045519866
549.6626903181998
146.93533792221325
319.63482899116485
-58.24582663816329
358.5923498284285
310.24387541104244
360.257400282526
-248.6636449980473
-870.6740753342502
-337.7262756744437
-362.44074041059474
-134.52283719002273
448.8678419100586
102.45113031562941
8.549798967229169
358.0458880913205
354.90691401159825
358.8976647015786
-347.7422596072813
730.6675537654556
393.96986430556683
726.657317200806
646.6170348871324
774.6458636897906
759.6871160784332
232.4089657496168
572.8016920739045
584.2123947003236
574.1481558406383
498.36903018942326
564.5749224713883
105.64812790374654
42.88026141457691
509.5551669973172
508.2382752524429
488.79064443792015
504.8743266370117
152.3461014901213
787.0956232250983
183.57090089591696
407.46602831581026
788.0840019939906
795.3084347164395
552.6607346648947
261.6764736208675
661.9851274920894
-96.18611983739027
647.6209806156227
653.1782643141877
85.62131759589056
282.1682506533118
662.4066993891806
593.209224382433
655.4539727857056
645.0394466343445
878.8512853051596
-220.38427338342348
428.29933086292056
157.3504738133576
881.294520844119
873.6237604010621
1262.1537452488922
1292.990406836387
1354.1834897300555
-1293.4346772895353
816.9413506023038
1288.8371691237126
736.6398736988818
753.0796215564159
748.0518693243798
728.1950315866152
725.0632422460868
713.2947462604351
-4.844104304597742
-330.7796670308404
384.06987098958285
-908.1526011072841
190.73675929208912
161.6339161524259
-579.6671415564158
1380.305406757111
1492.6696962131298
-466.04012618516424
1484.4355115732274
-315.49081446912936
711.4756260781768
439.5995525398855
-486.9324769277839
237.59090994878125
534.4466850634142
-1303.7977623460295
556.0525467833735
451.7944081265912
1780.8397284342407
739.9491241068137
896.6552771586278
1685.4490735073366
903.472789736763
1531.1525568889022
1549.2683013194958
713.356326242484
1029.5091182133874
1520.9839331867722
608.8762722342645
802.0908609229872
-618.4130441601822
552.7296134055193
787.2688671348252
159.2008832204471
-472.3591673418252
436.7235694783072
605.8791303251896
-246.698841461014
-61.18978039635317
221.451783029887
588.2006141836569
551.908659610592
-173.28373463357153
-43.2955066710029
966.4938300039388
-968.3085687657309
608.3196064456771
1280.8340670988778
-141.3710830108443
-1340.1421089380265
-641.6345691706783
-472.5037043434829
1188.4421832304076
289.74937288089194
1935.1157753766745
-1692.2304563776843
704.0955862097985
-1418.9468416594927
1008.2472626276427
947.7509597218359
21.21396056986442
1031.5317621611368
1172.681124206441
-662.7084737274072
-103.92873306604325
675.501037599209
674.7028774868073
675.3061077128267
-426.2432671102315
-95.20866265071706
397.4552846601714
887.7247667796937
899.4247856302885
-348.71475324429787
-316.4208301569322
-318.8447807256101
331.78926563347386
-214.6454662406743
910.7866412233079
896.6754146108448
833.9374540429098
13.123921476443563
-947.3776289172322
232.57697808644443
1156.930927608596
1125.9322943720424
484.502876290788
-918.4008730984285
1304.339311179282
1356.992609291569
752.3166762794176
-482.457087612618
-635.006881621653
-817.1068232824854
-350.79144031401756
-935.5329795116704
418.8312644962162
-921.916167685759
-370.52609245174676
-9.31720218624676
932.3490894647174
310.5782964047683
915.0498846214568
-523.8104530276303
490.1750247436078
926.5486300995387
473.95720747306893
390.3477317236242
475.54098132801874
-202.601897515637
78.48153954786294
175.46639094338084
-371.6134417123805
777.1541105560724
-512.7007047634803
650.0779721683497
-521.32744341676
-884.547179409553
871.5174731484069
-121.05519237874948
153.75922925743427
1264.7314194803407
-1629.6755070960567
988.2415013672138
1191.2249036539235
1503.7739165156133
1526.5853065589336
1165.4882653409475
1530.7881890644876
875.5604420379892
-343.11985730179777
-26.58736597242308
-64.7401422099612
-6.154243398462768
-1061.4060372841009
1392.3851756995448
531.7214383435913
968.652001109921
-138.17092611209233
533.6056002077534
-370.5662296667866
987.97230075293
838.8604210925265
-38.2008714054174
841.4785555788519
-170.13622062187824
-44.64904762396035
-942.3254623739256
-365.8114878987116
-23.568201979672846
-904.5002710034468
859.2358442150664
1057.9251641024791
-118.75831320523267
-361.8813285377973
349.200314536278
-380.9367574994772
1504.6781288510797
710.6837596445553
1492.0594155379702
492.3868563895238
1188.0415762728517
-107.90757346895747
1037.9788158116826
1337.585661125353
1020.0120850849605
708.4034513236859
-1112.9542563322111
820.4646142133594
542.6592947847254
-358.4876448025935
-1243.4686585004017
-1366.3582604628828
393.59026327750144
250.8749423798728
404.9562334436639
-768.6147321087292
-1046.691980128899
-1192.4535960936678
-95.41046392458134
-622.6292363218084
544.0553954811701
35.31737863016704
-502.44651551756397
-889.1624058171773
1051.1138303693835
-554.9276833764785
-1561.4973406623515
105.66067811076849
-1679.2523164879167
1410.6518191869095
1356.994740821597
-634.2756233529261
-745.6937268314965
-1959.3337894204465
-713.1242603411584
-582.2481853838469
441.84496553338664
-221.42084213461118
-901.716939398879
-0.8816227270315231
756.7222645267295
853.9803479192965
1029.729000480689
1489.6309173542259
853.6923625513132
1406.9391685362207
1469.7961663332712
413.3181552968456
-1132.8484206831313
-120.24521215164106
243.06507483387261
229.999174455678
-832.0708840310997
155.2016855668386
-597.3544157460291
-591.4098097043965
-72.07068930286842
347.00322893693493
340.73989388066104
-301.0748497394801
506.69743284085484
503.7908389226198
361.80812817952176
62.2982805913646
506.8546423244161
-743.4232212052322
-591.1977010552613
-545.8228293352448
-11.72947549746393
-731.6453875145701
267.12012193787734
643.6867761944856
261.13654885651687
952.5019630897172
940.5050005194846
943.6519032685869
957.8358237629517
539.8843464159543
118.50961502113073
-107.76697820541393
520.1047942869056
226.18083213960364
-282.01078029307666
508.2456656795681
-65.86225298659309
505.68719773865683
303.8624961866457
-45.374697116394714
501.4966360851466
1381.2958127234526
-170.97506395864093
545.9846997682198
1079.664772980358
-68.08690158450678
20.305876565218707
-727.6244238812992
-1032.8873725549945
1616.7587596159826
1108.2479745145574
-1243.0238009518944
-1500.7036885312248
1651.4028832089878
907.0318619797604
313.30219507400005
780.1975658252759
-917.0183171905584
1288.2181300659656
424.8575262538945
946.9211514444684
-1717.4154959482296
943.6259900010293
-1980.9001626658123
1043.0544769456328
1567.2363422874573
-1307.7773980228167
-386.88208981370525
1531.3435798432731
403.3870347619617
-112.2501931836847
227.91145804289397
1579.2818393244272
361.7232772699248
-78.37364153216564
-2005.8762717515835
1600.760593087492
1531.0090441453235
177.33718211617793
465.5973318339977
-2124.3623865433146
1536.5552515519653
-16.495936169521503
468.38223789550034
-1745.3483130622794
744.8591514941302
1194.308379139817
-1606.56486841055
1385.8719667590647
-69.07641217074101
713.2591032902576
-2327.4530675171895
-1533.2745935902642
-241.71347034685542
287.1360108816956
-1573.817196818656
-651.1938711516108
241.7765814717875
-1647.4627497757544
1852.2580235798214
-493.74388570003646
-1408.718213197314
-1814.1870506568607
-1875.232212021231
820.5145833603132
-1532.991810156777
-86.11930394181317
475.193806714318
1305.9477819566362
-1295.2495111253913
-913.6847088634997
-1234.6339725058162
1326.1406800578618
363.0722078546379
625.4532840645544
254.1678246595652
1846.5591382227406
-332.9877421865296
1106.8796857502148
1176.3403146889582
829.8570045365731
1577.0444335178338
-592.9653453472397
991.1818880647423
649.5464363635963
-787.6582933719023
1968.6837292463285
433.75195821730273
-734.7320762766975
761.0765787407172
-863.4911958388547
340.0370695445263
-1424.0625704591741
-1709.8990652853167
1988.7469590086841
1937.105918602231
1501.1807287837191
-2037.4216566889547
168.1219000937556
-973.5050392414602
1115.0232920358892
851.1292660745784
-1833.8934583940868
-641.7071761544235
-2026.8602783527533
871.7522308087853
1122.1315544747652
573.6038516775105
1667.1872401656926
597.8076059412002
-78.97242621651495
-878.3122585209858
1507.0639010730968
-1118.5912384092455
-84.99612263387657
1387.4443513329393
-805.6299897365909
2492.553167378797
-2126.0573541012277
-1024.410898898
-171.97601619648117
1998.010726750556
-325.22679705690337
-1980.7213160665333
154.3961960124224
-769.3400279106388
1454.581466324677
-506.15400470316763
1344.6560735394619
436.9300013606231
-1873.8900964123734
-1890.4767888275608
2418.598254034035
-954.0233179241114
2135.7888717640967
-1068.7890006989808
751.6232518798338
817.5489786625106
293.4276467431801
-557.2880346729686
1216.2755207507169
1243.5366157186581
910.5605343171941
-819.3073799242588
-409.67671205312774
857.5993011026734
-1831.5628476862028
453.10201169640516
-206.57221544722842
38.31716198165441
207.5907066178113
-661.9501764972368
-1231.348205718154
-2205.2462646619047
-431.1720314092132
-1419.2137693628003
-107.60109598707044
-1455.9360185869036
-71.91047794854978
1705.7570146992277
1749.402539848755
2206.550808411458
-750.1606895638702
-1275.628641868119
522.8634284426108
2172.241788574415
2173.708708670698
-626.3097636686622
1745.7880985950603
-1330.6447630957073
-1229.9757354570233
-444.177368983851
2153.585829584501
-1318.3827466388266
-854.0429146604239
1668.8402386520797
-938.1507005050678
-1406.958104517948
1654.7151832869993
1649.7994662859653
-425.64017877919434
1395.43494114034
1740.2249545248574
1478.1082481034557
-1207.7016345972663
1735.9171830943644
-170.52343174038728
2276.5637648527136
-745.5250339866127
680.1401722872097
-1864.355631028694
104.28971124019526
-1865.138137524777
386.9084770067918
1912.2537152300686
876.0464046595904
180.5458633496021
263.8137898709841
-1543.1908267324113
1584.3212250614847
-1920.3878333784119
-1461.6027397654782
980.0317681503407
1658.4330792250796
-1230.6931220184065
395.68220555087464
-294.9450424795285
1181.6199804451205
-2010.6058217420152
-1525.4851223199278
1008.4276479843718
279.8256549928106
1356.775078202255
-2287.4354607585037
-1036.2489279021993
954.258424300734
1230.462159755861
1235.1710255541218
314.63079930441353
527.2573903481226
-1701.4600211938928
203.30401313317225
-1271.2054186906746
2170.51883419423
851.7822445631846
-1112.0534206068878
-1702.1607370797449
2138.6560758746427
2139.522498800142
-760.0797259672566
2230.8621568329363
-1220.0373088356841
2196.5916621812808
-487.186599800884
-1537.2577675727168
971.9864506162385
-2063.9429524834513
-2002.1694682272696
1955.5419730471735
-1003.4882592145303
2317.4300845459625
817.7356117429713
1804.8424486090348
620.7314450232737
-849.7775414385906
-2078.6285586609615
-270.20035390562356
1615.6659285111325
1668.4981172115424
-409.3997208666034
-692.18391012355
-380.6506781397102
-935.5617229315212
-987.8901623596292
1135.1542818389578
-356.82501720506207
-167.59222834177248
-1264.9262062461721
-593.8350276718521
-117.22115481160765
318.4413922755548
1138.8536078963473
1017.2807156468317
-632.7434855698253
-1981.9121369081452
-1470.325244949974
-1196.793617884264
38.24640720768113
802.7432729462419
500.2722686398613
1090.3532312387706
1229.5843232985287
1106.299150404438
511.83712854407725
1240.7640260263724
-128.10791064209437
-1500.3082055123841
-94.72823867414161
1580.4588619290066
-1017.3418946425761
-755.2337752601346
-1473.4515362752932
846.7417907195668
1211.4926553922564
421.5470367273251
834.522508748227
688.2003178800124
904.7374545163937
657.2445803736232
638.9915548699512
-65.95085703123696
-675.6074846288433
-1314.4610978817655
58.05094039433919
6.262513113941253
-1000.3170039359753
255.6163511638496
-725.2933462478934
1424.3461019008196
1255.586448876175
-1339.8334675684564
-688.807709111576
-229.30686959367236
1339.1642580965095
528.7003610020116
-412.65769254664133
720.5063012009639
1389.0641743731633
418.056753394274
-82.0182308799308
1417.511947538864
-571.0537240409424
-632.113961985455
1326.424254566375
1308.7341248610503
1374.1649398073598
-567.2381992199786
152.74503232198055
-220.262854150981
-578.2102396269734
-1356.3068539378587
1536.9913042902392
576.1529238574781
-924.6842173428333
27.97018363304801
-1307.6953487286803
-146.33570099561638
1382.2409759743464
1518.0081297680888
-1366.646304371851
1492.9404581204874
-1236.07477449912
421.20936056309944
-641.7343976302146
557.5559809167702
-1590.2755779358545
-1268.410199529882
-1364.197914502132
1370.9540337054932
703.1039257666253
-589.0158200617361
1003.4756353216899
-1337.9302480143258
749.2909422010889
-1348.6108511633604
-803.708187887897
1363.4337264762457
132.69371391337882
1142.8015196182444
1045.430836564964
-1142.3750420903905
1673.1357564144964
1415.4028438510968
-268.74406602626055
842.4892992524667
-1545.0355060764334
-1112.0925102676233
-376.940989060295
1328.7531909584134
1323.83086131083
-497.2159242907262
284.51858345257114
390.45177114595487
-1012.2652678630443
390.60965987845856
1081.0860487541934
-1360.1523325253027
-289.45553165010284
842.6804016405689
1794.1048084787853
-170.77539753555175
-1699.4190027798863
-530.1904004690923
-151.19051574040526
1866.9807211663874
-1000.775576594883
-2.955132900673547
564.5640331195043
-467.5545929679023
-1594.4807708227688
1167.8675486186544
1145.9439467565983
516.3519659688692
988.4886875362785
525.5411509315084
-96.33881417426534
1859.5975379767303
695.7583341924184
1773.5976563321062
-534.1667388495154
1906.4069065206522
10.801295240372113
889.6823582833701
-934.8963470670909
366.6312265072578
942.1735005418509
-1623.040768196472
-1349.3044205811527
-1127.8078814172204
-93.5212451208898
254.43769358436165
-730.175641570522
535.8283555871675
697.7296901616921
1743.8026017261652
-207.71817663735231
604.1304369114822
-230.37652228631237
-1290.106456404509
1891.7482742914915
1946.4516289205271
387.4191851369736
-283.57032607568556
-2326.5311612146356
-1219.9306322231462
-2146.047086679391
-2123.456153784961
-2129.2809969650893
382.93068547875345
1323.1242005541596
283.81540446506506
-2144.445185394055
1997.0032584701396
-917.4273359891725
1938.2402121147334
994.9698310689521
1970.0350022581863
-781.2486409164145
-1140.3450029649148
484.2503216128504
-994.84261683504
224.02835484516243
-1540.0660715110084
-1617.2796068235507
1679.7745062299698
-899.0351646301816
-189.22737835824378
-1624.4127425812526
-403.6657077314699
-617.2132011827327
-154.9664859804422
-1148.5383989190927
-144.933969689494
772.8236312569201
431.52121711416675
1309.8360163690272
653.7653879545385
1601.6075021407185
1401.4301326811903
-373.4468808668894
-20.084314629324474
1997.2894601270336
-1080.6449303883542
1056.1677080837578
559.0355825285865
718.3245066371167
-820.7924622781826
1304.1347782355633
784.6519711540141
-1537.1424446547137
87.67050016048582
1536.1783804975175
724.0464654383444
56.1761808348252
59.916951101030904
1775.7875273200996
1048.7868184009485
1738.0171165533238
19.85493325392055
1899.5901665338167
1792.6286939334173
1695.9548894494806
-731.7925408752016
1227.4047097416876
1876.5409683642658
-866.7320429797422
1520.4822006290447
-1711.9590550534629
-307.2902056840766
-730.7195405414315
-1316.545675447544
799.1372565093784
-1688.6078595768663
-266.8018496068931
-1445.4062988843339
-1367.9925475436974
-1887.1558940028006
-1515.0376384329318
-663.6154709807266
1291.5015602575868
-530.5478022263168
-668.4283606719163
480.61412573424
-1390.6384720710116
1506.758977359198
1161.8681895167829
-2330.894458827592
1599.4629335881432
-877.6164034964885
1040.9260344142672
714.7490839113664
-126.27583094366497
-309.133502234843
-1363.8308625178483
-809.105392836059
1616.5079727620312
1540.7806163708124
-60.40857793936673
1195.3811049655174
1338.6089570453446
-384.05010104498183
949.9540692717206
381.8228295319268
-667.4227938164706
-77.81911977389609
1080.3826579850654
-663.2836799453453
-951.1120340997581
-260.5408036336021
1482.6712460998374
0.2351959966184154
-251.3077879953771
1464.8753657836442
-1627.7884010341818
1938.7198844935417
1049.7561822386338
1093.798351656505
1890.5404102414116
1942.8717039096623
-1039.7603008627061
1789.38145732076
1464.1914470139418
1503.403627926484
-1226.5701640481989
1192.5726710056522
-253.25232936274855
-148.4638576201972
1080.4768338871477
1135.8303821344184
444.6683838519631
374.5024295272756
-289.80102246856654
-3.437533548130588
1765.9865678103613
482.6682677585161
458.2406475581832
376.651852515586
1693.1566319053645
-1133.0906449003526
1681.8288274386357
-1165.0699387086484
-416.669980829071
320.6723993511406
968.5627510723232
1039.261798887942
1383.6151812326282
-0.7345098350756416
1339.3904792605676
1315.2622301632612
-1512.4118687295988
-1143.7935499083114
-2036.414013920655
1727.338182986928
-1252.7342345270304
-1005.0408800737666
-1068.3013367344126
-912.2567997769637
1518.7744701391089
1436.5865253834215
-736.1343219853203
1532.9290894632204
828.4874115236025
-1631.1326224731288
174.40990442671335
-1014.6257517340189
1030.1298431217865
689.2642938509686
