-2.2861941209774646
128.18374081769574
129.73407690321926
128.4652087812318
129.04140424572947
118.69974538540698
-326.47269278200446
192.750052387615
-282.10873050363284
-431.0444876207621
202.0472152385289
-446.61536321696883
-72.77172484814093
219.1880966563646
212.52604112169422
207.94006926732794
214.50779277162025
197.87719001043695
-216.3321927846287
164.98538217072442
139.57220407025133
-28.781527415660086
154.8798178441285
-500.18465732998425
-492.5478345975994
167.19713537776886
100.53750430197117
168.40059738750293
170.63841346658003
-462.82659615637124
164.2516471800958
165.6519291694591
166.20862539095032
163.58896766968374
167.40474127899827
22.475838573040814
-276.5632627850591
244.90830657241492
-562.7705912152697
232.2654019089486
234.4319135662127
234.61343214939765
315.42449109047357
313.67622500045235
212.5979036583009
309.134371155426
186.91372571014023
314.00632092506237
337.88600641994867
-43.712754990851806
-150.53878487000182
337.20199396902257
342.1355196463997
339.6679516958392
261.1493626509086
-671.1849596752394
326.49983410979263
325.88003664922365
362.84721011031496
-254.59235701957348
-88.28710411587463
255.25217456468354
256.4576855503075
206.1548244583233
274.35537027458406
-406.17805698593463
174.58094399736828
163.19739922958627
161.56547472801648
3.2871757064171385
75.62546174711588
162.76908620783465
49.35426490408706
237.36894808037425
230.6690667065705
-61.978978522031255
-144.6672346081517
284.0492122080421
116.87503153236197
-486.45966521172835
361.07057705587283
-45.34310971159684
366.7102598637562
-262.57850545949515
-9.871629485137198
30.450936750695018
178.50036879891243
137.18851960072604
-1204.3776576862037
368.96997257051635
-817.5087782581113
-604.0220627118597
-1374.2107233492386
466.8867904900077
-1045.1816208062476
470.15699408236674
-83.99626103707966
400.86986723577957
-5.787662939670032
400.70830185238646
398.6754786022196
53.44697848883119
234.01473868956032
-11.403763074925347
216.14803896285008
-9.329041454022676
88.04933703863894
221.49522618379174
264.4994848713697
87.35337613793652
261.139506056054
264.7042114580243
269.4138301774817
261.783253897318
356.82388785351316
-1021.2487352350626
-663.7099205536686
-884.6560936844189
305.1009554956812
355.2168013982497
530.2530323248385
-1022.8057607637459
264.32056688192927
280.26576110678656
287.9294576469184
-919.3737006525561
717.3730078576149
708.7018670741456
707.814417251218
-527.2543344249224
705.7812502819189
-296.8704528854014
426.39474523356995
-156.62283057326545
412.09360134680367
417.97704595205767
417.3478002889173
-317.0321937271932
298.99571191224084
-249.7650591270986
290.68023461299595
-231.81414196256227
299.62607979206126
298.0833174896937
158.7815157198553
93.74186018930801
140.55280444894962
-208.87255404118739
230.5695330138134
105.7953173646917
322.0296039588703
-53.070051857379354
-606.1462331222731
112.027560396121
8.561766975520547
-79.13339792268368
576.037597635778
-190.74884081806022
-1027.2327229112905
-443.5816298535256
599.2635231866062
-804.6988252030999
608.5974443520655
602.3665344561587
607.9677550036436
-702.7191712620626
-677.2870620705991
-373.7146418930848
-829.2645245643081
-159.10317329408758
-111.70037784437261
359.40352990278836
362.43073466177333
364.0028414517634
-150.72722941636636
345.0000930397979
129.96322405712655
344.7028442345744
344.4026935520806
345.3639749939273
252.34861985975834
254.4602288926682
252.0319083294038
251.4873902864713
252.86247438894537
252.30827317351532
-442.5508710072546
-41.78930513131501
363.8076078377855
358.84720523016034
358.06093768501313
360.34990964915664
611.6147103980159
-1310.8768631108874
-980.9522687916262
-300.54282599805606
624.804603039765
630.9062740467825
320.9181602866071
500.2712948972413
492.88873884561775
-1150.8611080993974
-1824.280389620773
-567.3756986014048
-449.09160722859076
-778.1411110176709
-526.9531993321831
-957.3073261066977
387.59330604779643
-314.1983413824759
251.28694789558065
87.28654369923484
254.16232804525032
-90.70327481216644
246.34914902220888
254.97820486674678
90.28293211507734
187.19976326811874
173.87918990857665
-213.6680218471938
174.5896604775116
33.91952352367832
-184.94977931439578
309.98017044182814
-687.488709606097
293.614507464549
299.48463413326084
145.35225293131856
337.5083327491516
-315.5718530068334
34.45550953815203
328.86087883252134
59.365717134358796
328.403943402931
222.2794163444026
-635.5532490173488
275.10910694236514
-551.6092926474756
290.09416976749014
275.19707988468247
-367.5084232813309
-405.50973360555804
-851.680024003814
-294.09550097443974
312.4566981112981
238.21056686470885
235.30491586383962
239.55852334756602
240.49707976137324
241.11513695834537
243.28841990080323
240.84557809250416
166.81151168229454
167.97026249973206
81.83075690754478
168.83011303000788
195.30468760791285
167.7570207222696
137.25098071857514
-63.43304888507875
-49.66643899135867
138.6234385799221
-270.5120305975405
139.54647082112578
-833.8586902046623
-621.7860074448071
243.98886686359324
243.46090440165807
244.02477950315514
241.97663903597987
164.39437851052617
99.63531488633313
162.5982596935248
163.18220081648818
-245.13062273873643
163.99653396776725
167.5715378159074
166.06768408305362
165.2097189403858
163.82275519627822
137.46604124657634
166.5863168630124
148.698048374051
141.81435466271301
140.37689272781202
-26.235729726374366
141.9593682094521
-156.30048973482744
92.6215025176654
-28.581915050217336
90.42918184776565
91.07630294927756
115.0132270209691
92.79459058006105
-732.6781542609566
-536.5249652187961
198.91956610104
-86.03286039374922
198.70551982640595
121.85116101575396
-6.46768251265096
76.66146973970919
-196.47231088878712
-568.86717513103
188.94720709385552
-655.678661481179
-360.66599524501186
-193.6309119337168
-454.1098291796222
112.37549220759207
-731.3807505171527
-335.49436971625056
174.21930571264886
170.22617878585152
174.6978065946791
-214.8635389444123
-342.9889403415166
171.41213186169315
-243.87347136262176
176.99292273776513
174.6817106006318
174.0761491726209
207.839351845629
-563.3139099127989
-222.01894304234943
-327.2545411097942
229.822495378445
-350.8135354178422
243.61733921134257
233.03148818789484
341.0666572353484
186.89379429967008
346.53759212277953
347.8348691606372
349.3207796092254
345.3613694685796
377.8281155576785
388.34917106194314
379.36699291828745
380.6132337110023
-111.06817259614971
382.2371525429577
1046.7048765046707
1026.2436943191337
1059.830822327885
-402.2850629859663
-593.4302849428699
1050.0371800230153
-314.5528129608022
-1070.0062256947162
410.2269681219208
-1148.4108785642613
-1552.1618697035635
93.75109199629729
-33.71551166332631
174.33089614682675
-501.5734648168021
169.84842159433566
171.41811899638188
-851.9341195126663
314.46547654414155
-496.0413809511389
183.3746188367602
311.7749745855526
313.1201422783341
229.5172412990606
445.6646773427622
-710.1155458872322
-783.419970037572
421.0977098515221
-499.6095416856263
443.2835440660806
89.45827644224369
-1078.1997496627378
376.8844067308381
163.55254484748878
401.91712505440137
-1320.8327204005975
539.5773162423543
-7.201211834555284
516.7509431042147
-171.58156377991202
-731.8983913285106
-629.5211751060741
1138.3735349522583
1151.2436156201459
359.57944502808004
1161.4319706465876
-641.8679022538148
1152.8805265555661
218.7248980571939
152.90563418561845
-11.300763520180535
-294.6082425786429
-771.4586518466714
-358.3685784594251
230.42681605760606
244.94416754602096
239.59241995437992
241.71515360522795
-297.5461291005923
22.78434246624272
90.10865424909849
381.94516258219915
382.9135609249108
-580.7286598529222
389.11589947979536
384.5958469818009
10.174151650662505
-1402.9129510716011
1633.8511048435578
-627.3702976949912
1587.9713210371115
1638.3062905494296
-1569.385716997834
1317.0857471183017
-1066.6025871641125
1359.5076142825671
-1295.472212423114
388.2640895951738
602.7235898390542
622.9088189431774
-1049.9860412670891
-517.1378484009269
-2016.6025039334559
-652.2799629117178
292.27352567687905
288.27122768046587
20.039060110681596
-100.88722150862223
-76.58084241758023
288.0098933623375
216.87785419454008
-1249.0186591368815
-1432.1032447451487
-1115.0713921008087
-1185.452088873631
217.80993839638535
-162.3859486261884
700.7928666695043
-2000.1646301769115
702.5616579781721
694.2810506234375
-925.006316724186
-1257.5375214034705
-1418.4473093190554
-225.8689280693905
1051.3914795252756
1012.3509388781387
1035.6372265929117
-1434.802584862446
-1304.3430432283626
373.1209163951011
-823.7022951476206
615.6008371248741
461.6616142896476
234.6574439601587
332.1032971069224
396.1742776783776
-648.413291280526
391.8213480306451
398.84181355793874
97.22487763477241
366.10717795956316
363.55651371954804
364.31638854649367
361.4158417551172
-148.32366696285067
244.13752407926526
245.27431842529708
161.59927624188768
-668.3222000803378
-165.86383969338297
-267.1533425230932
-792.3331492880536
-737.7635948188992
355.7553923465048
-657.881826335734
356.4076831389596
142.03729869479895
657.401869387802
670.9798932415354
-795.5601266775669
667.0213681655484
656.7195328065475
-319.30302801855225
-803.9855392138234
661.8568209134916
988.3119440953474
963.6209347567168
536.178600389783
959.9886860801236
533.0824668714536
-651.8677484738912
542.0397165239689
-171.79133551403854
-173.33803248111658
-468.0663071432108
171.2734581771037
268.4411636865631
270.0777551518447
234.20195856068125
290.09979975132273
269.8412038117415
-367.65693014046053
-408.19886218822035
152.04949837290442
-802.2326483720333
152.12465678336778
-165.97370112393637
521.1071611742925
508.6619395227097
-288.3451911598225
17.725676449412738
-1444.4192860543642
-2314.3595877455546
388.5267760647736
358.17694966793056
364.40588902257565
366.486336017247
-676.4218656174816
363.4426748081522
-185.6700171357692
-369.63374841765454
258.9680413288265
260.8255049755359
125.84422122070663
260.90678059145284
-1488.8852460575251
640.4191764073485
1069.018245831881
1105.2383338187462
333.2237951699746
1088.2782285874882
240.09354423059935
242.73837330143908
-360.79201182224415
236.819582734607
-293.68080287670506
-107.85398784615458
167.88202437267063
170.17522911520993
55.92362894858996
170.4203102260332
174.32467075069349
171.38859928216038
169.35636844470775
160.4417017302304
154.32441150213103
158.2131544916703
-128.34055211940802
160.17700201743185
224.35352691459354
-46.861227582457076
-628.9691356066567
224.94197864931803
256.44357072258276
-257.81628078332733
41.716542401268
169.86711611944372
-114.2840643119483
176.4221966604481
180.6883730354909
174.19011249278574
-1097.3295647615216
-294.5368100156569
176.58778994440266
-1047.7967469285913
191.85046720844244
106.25546494290494
142.80091391728251
143.87832382214583
123.51084542723348
-248.83407330268622
143.87397330304344
-263.69559171573366
188.86079709762654
-316.4249711207229
-1247.866724402983
-1037.0586151790376
188.62000037808204
-262.4075980542233
440.8334442387079
433.2399673162274
439.8427508690307
-365.6398188106355
176.668379775711
440.6067969568759
505.3811025221791
504.111230358842
512.5773415785611
495.6621152269449
516.1900678896444
446.88530153619826
319.07417498830716
-882.7181777940335
-983.8366154330943
233.7348711371026
320.5206860863537
195.55809466111813
-753.3839128216974
-467.05268518766087
95.6145328131322
-25.582716761336798
-396.54339064299893
-262.55253457336454
47.545292524727664
445.83800726502403
442.78054672672795
-730.8750292228137
-117.37913619885632
448.9259337325528
-1162.2504127574805
-734.574389694204
-851.4483317146413
-971.2854553683103
377.013062079751
379.4634314572956
-2051.8162250324863
-2276.721992885996
-1439.8014248091301
645.898050515996
-1121.6716701528685
1176.3372268787894
-2139.5651895781725
1309.766533795183
-499.52992468223437
-589.4309313969552
1311.749212896397
1302.0341606813568
829.7632161186741
984.1691272980659
461.966603105019
379.5731674590728
72.68551100750437
-1322.7452183415728
322.05006212679496
-535.8627913592072
-1628.6286310978219
327.16339975858926
-932.5296068299303
506.33674990083483
119.48180819417479
443.01389328585844
454.08854096095394
460.5989795923843
469.85344775169847
-789.6740769974322
291.8634367905229
696.2480803090046
678.4601749633063
224.80725275531728
680.7297777267509
-1309.6246356085078
-1695.2912937373865
989.2779004292747
-667.8314429853823
-1264.9838784639269
-582.2923195388124
650.4907134025968
1268.6449424597672
-1634.2456744779238
1240.584943689858
-1174.493156580104
-1452.335360165352
587.3820085872501
1417.5071314687616
1418.482158678062
1470.9329051381308
1035.9940160058268
-1913.3776874003595
-211.69177255818747
762.7189016399777
-266.87601783959803
-850.6548692732979
-1211.8114751392256
1114.6263333562247
-315.53792166920005
-1526.9550127248497
334.515915446462
-1312.7192008107193
-1324.9895021176476
-440.9711080921255
-165.5811405994702
451.54671677944435
460.88637872803065
455.6967044964486
-70.80355596843906
67.67596160899028
458.5656105485411
1198.5350241257174
1173.5592417207806
-151.0913952764089
-1848.3187558750642
1194.3854747988562
867.4973281996768
846.1287487508016
-1911.4272878517745
46.994489745311895
-1562.4106059681847
-1392.8958563612066
139.08966781506825
-109.145144796991
1149.5402027379348
955.3557821700025
-1384.4330679033685
1152.6322368132642
-2112.836071068086
-1515.8326370956513
514.1616051589145
769.202860576139
774.22945949666
74.49321955306341
-271.6344105003463
37.68360553337801
-41.770403258780135
-1047.931431873407
430.63992095399664
44.41308053828459
438.84040983409346
-1316.5772365559044
474.2293468023823
-476.55241054846243
485.2235964884102
476.42637760567646
419.27411489799374
1442.9378042276967
1182.18464485424
1397.0954446314095
-2354.9674027539463
-1890.6507370728332
-658.9403550445495
-3.3323405147716443
865.0423508466665
-1775.4642279926957
158.14770882622898
-1896.1675563290578
-1173.6451422434527
390.2372404907626
-2194.0788120391358
-1674.306626721146
-1252.3579213550045
1065.0863860710892
1048.304164706262
736.0082745401123
620.2477120765169
732.2054143540199
-198.48343156434134
426.4075714670629
-2120.8405268575416
390.06257834317495
394.1178038760621
-505.23598748738243
-1738.126934579529
-584.9750837221994
301.8530177226141
-505.1259499905355
301.9494137207223
-1226.5815588001133
-1110.5511793973376
-334.79410714697514
14.071777679475545
-2119.650021119916
-1665.3021514304935
-1624.2492184723242
-1713.0620405973536
369.3379691895124
-852.1686747195466
-321.7203522154276
-2430.559351911174
552.5335566152219
-181.5359956870689
-712.3643552666508
-94.82343115224577
-230.27499089414093
1179.0239473160962
558.8026773221627
-382.3783311422975
-595.9549423148569
11.589026372910705
-1020.8341097565208
-2067.355627672799
1248.8356395728708
-1763.5468072628707
417.398106587698
1240.2541231433906
114.59571001262742
-169.07379460320828
164.6898836935812
-61.20484470943994
77.29636916283589
-105.10137357870137
572.4677207919591
251.37184345578757
-1253.9285830197466
557.9749733000825
544.718492247884
577.1552569091159
-1272.9438468635294
1178.679687887076
1174.3922919128966
1206.7207443374784
-1781.3678436759358
-826.3588831198196
585.2741088863455
-2355.551351085917
-33.94985527398491
-1218.9832214852556
-1538.4248304474856
-211.30167582036682
1692.3965189432702
1639.7557117645158
1701.055942598179
-442.641967778919
1672.3318173254047
1316.8815638809997
380.6699254515422
1453.1177391050546
1492.7019390728672
944.6616147569165
1467.32001882743
685.5147577241804
396.0314847353051
167.48373953378106
75.70458409311854
316.6303846651752
167.3407173224208
386.3702000041739
328.87200086098534
-130.94844402854903
-1414.6771992253434
-1405.5139114698463
333.0837359978215
333.4634713243693
-1393.4772669699723
-949.0551391148808
508.8984340010162
494.6747678368393
512.8448582092417
498.2379120548057
-739.3711208436368
-281.85606615314634
-883.7723011664174
63.66679266695088
348.13773124917316
351.1715329427535
481.1713974151534
-1111.0688630516902
293.8238959372142
-287.29262702810917
-248.0673024802559
491.3822674949724
352.2618825544691
-792.800943613394
349.341722585854
-846.1352771048043
251.1738440579735
356.17723800641585
164.69975522913808
-364.40733986349625
157.8611674428901
44.997081845966655
7.3947950975847085
157.74418265737103
-593.771125768288
219.07189282759668
-172.67247379018625
202.50972241421815
30.015385923012353
219.03130455212806
549.5088701736892
559.6974093980837
462.491369332252
-281.53412186777746
555.6625228074207
564.1012906498792
130.29843046421024
-139.08154580875683
620.7896334949055
380.3021185579359
631.0954216151363
609.0712190509199
332.0157541004686
-1487.278971281477
-899.9990201210239
325.59477554567167
-1003.7074521263246
-1185.7464073184753
-2085.156413984634
707.9255295249787
-224.97254088313002
-246.29066641206862
-1793.690110213389
736.5160956787523
512.2832538635503
-1097.0632128529635
-701.9070902786625
-392.23429222135053
527.3302640305691
526.5191409166841
417.14218838803487
-847.699963379591
419.87614548109076
10.934280725159365
417.4744888791653
-120.70755338910672
1055.5052782961957
-2141.3936632103487
-665.3901264844858
14.615531027503437
1131.2267764719356
-377.9420990593157
1151.64562125482
1164.881064354982
658.5844804095032
-1153.9829183922636
-1449.8158157723374
-1336.3552680596679
1510.1942588987301
1591.3394569898185
-1051.493591266144
614.135625521469
1418.1227483747857
-609.7002146294437
-451.5003641457457
-369.2923026848661
-807.9588752963128
1152.7412092468423
1177.877116302871
-1621.1037151704072
610.937485787692
443.8833268629874
-537.5816280788283
567.2196187101661
552.4433267117321
-1553.6109828638794
863.4577910054425
665.856032993589
3.001153380574962
-259.0457183015906
856.5343529601365
-1571.5478987562813
-729.839778826591
948.2874108635982
581.4058200967261
974.5686295589472
-616.0017022861134
-72.67604564187971
380.94852792413894
-1239.742053657781
819.8921613326695
-370.6388652216749
939.1982345442134
1124.1331939031327
-1784.902803204735
-47.13235897720489
-173.72633086784725
1039.460070929622
1707.7904546867926
1947.074669277122
-251.38572225883416
685.3324556094782
1498.3663476366123
-1585.5925136749192
1570.7126953509392
420.1315855768855
1375.861757316898
-41.57973510133303
1413.3857260461245
-106.98087519608785
-182.87370953823267
845.1386539288181
465.0148636075682
458.1911258460598
472.42053984179205
343.95813798525205
469.24158418238585
-878.8016410091402
409.87021933919925
-696.1089358752205
1098.107003680688
1091.1693066715936
-544.0795635587581
213.61456238050923
1154.1736506307886
390.7175773965079
1186.534924805781
1178.2561621968187
-1014.938567298839
-1099.5971892450077
-226.01029546223361
1409.2859706685817
1400.8749091701868
-539.5935717809422
1293.3846006551753
1386.0825082641534
-1038.1213940467794
1354.406343082261
1364.2628803783941
-723.1802805397909
-585.338937277341
-919.7634908809663
123.0135746995179
410.6894467652197
-1234.4830571102352
410.7460056824604
-252.5691918431761
-314.4565363517254
-53.23282720050471
-796.041710983474
526.2767262011888
510.56003519547744
526.7852849102804
-289.4767280011417
693.6552946327167
-1586.4271718742334
-1749.9946854548264
-386.703829592428
840.5287029171616
-228.0761425736341
333.3549397405602
1470.3302218200042
350.60677442707765
1492.564877730757
440.035324132927
231.58326703442748
778.3658559536433
552.0815058032734
704.6816559065526
-181.39382004966222
-376.0654616666642
-36.30399159614954
-696.6241486979632
-557.2659627985485
-733.0162611364968
860.2340744787823
-25.250560783831304
-869.8945738792818
-946.0890447319496
630.1075905877113
-324.30932452247885
651.8222863053066
117.86275872037028
-874.9508435265441
638.985263214841
-1074.1662446871474
910.3374289986507
949.4960669872166
-548.5143959604737
-150.69706327134674
761.5156916725175
1138.6750123479417
-904.1961241066773
-622.7962915232463
-656.3398602172015
-87.34166759623811
-865.0471098928672
1276.6801554089234
56.00047358392903
-60.42182660428285
-444.0443312292296
899.3458389858258
1163.9319584800185
-614.6217962178351
-1551.8677079443173
729.78899634712
906.5962005236602
377.41487864058087
1257.7648894136548
1250.644162082111
1274.3526890422377
1248.8706399095322
-1392.057077748676
1286.9340386576218
668.2744263079694
795.8927375439639
-1504.0252262218394
783.0245880059439
-96.42765253507586
762.0842391707531
743.4857024679919
766.3213379845073
771.5114161607729
731.9882119033806
401.7314656050066
751.1458825669696
-829.538778709865
-1850.5086412694
-1437.515528120468
-1606.4085688515859
1638.9511358764419
7.311144077901673
-710.3771087404413
-759.2629891836419
-663.2237010181664
1058.571476521555
374.30243126514864
-163.29919645651495
1021.9835514140212
-1344.2046142347551
-575.2212179275984
1006.8906903584382
1453.0758761981504
1439.057591594017
-1389.987475824389
1368.3080579807283
-773.9409136962311
334.0440613341512
-1547.9453067024315
1363.8149297787209
433.07823425023855
-895.0006130990397
-858.7080162787042
423.54143765883185
432.1083004199019
-1337.2650344104536
345.02729129196507
-1399.9069045308458
348.3605375518995
-1082.8115372006207
290.45872547458754
354.1039814833802
-2043.2742158910878
-1058.1874598554243
371.0464645013315
-1135.6510482899985
-517.7683177584573
363.34587628236915
-947.9908648809873
-1148.2917255222403
-1219.0113630943051
-1198.080068034519
293.51260709832036
-1512.061550621202
-481.3011993128936
623.3302323021995
570.5475617802498
-609.2369276593728
574.2057403089393
-292.28868451872285
430.7521216517778
433.39920281085153
441.98814533721435
179.30363760659404
-132.58548279606384
-453.0758010954123
-502.99329860997085
-855.9141171661857
-255.0596141716235
150.3392914430837
-1111.0451237660736
148.9669757421762
-406.753393255528
651.8304142427626
-1233.6334051143272
763.2661342860106
769.9440109495754
634.1599454713894
-402.35575664273586
1007.569793816723
45.21362520904976
61.91425828350805
-259.0077841160221
998.3914422357292
1123.3424685694772
1091.1215492765505
1046.3759200471884
1113.4685332546496
-1274.6591762224673
-1567.8066659010833
-1722.6680615469832
1133.9197649507992
-1691.4608319494268
1465.0049655498165
1290.1069582897753
777.3174679342646
-184.40962600309197
1757.732436205233
1806.9576304398345
-869.5613106285659
1607.0495698925897
1604.2692662603497
-655.3430470173016
204.14677870186893
-920.2871082904469
-1910.1138539632966
-416.1727266017424
1373.5169868514765
-1430.9158104404837
619.6510150372933
639.5276835801545
635.1416318747072
-1977.2251717388085
-442.5957267610055
1295.7978637718395
1332.9507381634203
-237.30308357850117
955.2680214098052
-128.99005412792263
467.28537347030874
1278.3526010558883
1850.599438664538
-1509.7587624994542
-2469.515830562007
789.0875697697053
-43.41295157829439
-164.14295627134865
209.17046200527756
1235.9778089866136
-77.69016560132403
-1585.2186279785785
1807.511930625923
1464.8606209151844
853.9660610461767
1957.8422409262876
-2454.237529331684
-2230.40219486667
-1964.7773150105058
1543.9505968287476
742.8594837092611
-398.27470057218096
1529.7887298813803
1243.9539052762318
-431.77539545099273
816.0440359766642
-1886.766639922169
-2075.356875001182
-1364.8136950370751
-1411.9331185408462
-1554.3864569145715
-169.3851923005496
580.7117912252796
-2075.949875149571
913.5451116273586
1011.1703239810884
830.5289107624692
-1559.410415997155
2133.8895495189645
1545.6387707879633
2189.3130727126113
1656.5408560146461
-1541.2289029836224
-771.9616057335105
-1745.6092449572209
-1088.7230041079977
1781.967362946329
1806.8346616477186
1738.7585264959005
-986.9247351905902
-114.44377374752068
-2399.9510227275205
-1851.547394601808
2189.9499654524748
-1498.1693160305838
117.39731470542048
-524.7776213554872
0.5497513320990022
1359.4030782267364
1312.3292934935175
358.1313885399558
-891.7323384900361
-1567.863955895532
455.9554680759238
-1041.1391827062216
-1785.9159849963987
-492.98813235886144
-1424.0080263725497
-564.8270420536334
1303.0041546616267
1023.6154892042221
1355.4136022934624
77.58015778812688
1991.5832711632381
1340.3260124428018
1461.0827008129424
-1315.872188139204
733.8812012660268
350.9914056025404
2213.924737794932
-758.7138952051287
-1836.9079037567349
350.7151983452661
-1384.109946365043
-756.3684954163158
-2126.5118003042603
-63.64846087691056
-2138.4687993045504
-2286.355095832528
142.70107519141933
383.9259553771213
986.6676908057686
-2084.080981830333
957.2665996926237
-1383.0966431805946
59.245839489271425
323.974580785526
526.3089509893565
528.7544833731837
441.3006298145419
310.1378986438011
-1507.7640904728364
-1033.6918163862313
2031.7356164102155
-2232.8064802177864
645.6621481463359
-1397.1662209638314
2005.2013079513504
-1128.67816909655
2078.850029139501
-1660.3161967308904
226.04800789019052
-2053.832563860258
-2440.7006377017246
1319.5326141361236
-787.4056632525162
274.89255203842436
917.8947356929295
-1771.5423475550128
-1646.546769974535
1020.8257580814341
815.813141671418
-1110.8443504622612
847.9276053596541
1440.7952312525615
-1214.9949817986205
-2147.5056638322526
-600.9296372404688
1336.100350305813
-779.4409078555003
-2144.5722158250082
-867.4623728584967
-2325.401146824627
1214.621755339887
-1683.6859281591474
584.327792593578
1893.4596334539906
-888.4597750385695
1922.8276842263258
1267.5927357824335
-122.73782807716627
81.80408164612821
17.960227281126436
1099.0476681958605
1736.8521810271332
1887.8150730896136
-994.6458281663001
-1575.058209474654
-1851.0005808179808
1021.8210426941221
-983.3662873232602
-2283.0510240603708
-7.804739412304862
17.540584922677294
-174.07719091102734
-604.0404509590259
1874.1551440226986
1321.519580922038
-1458.8273969522763
-1745.114850394277
-107.14660469162696
-1746.9564739705968
-216.3037880686952
-1500.9444697600006
1898.0797391219667
-808.5321850022984
1232.349455595065
914.1388465113421
1981.880071650627
-1584.5787028671716
1392.1418163548237
161.85436769079138
1443.105943180259
-173.17217542124752
-1039.7375876106344
-367.28869901154485
617.5577897116569
1177.7243762306728
-397.3782002801548
-858.2040001811697
926.2636302992981
-478.8789617657591
-449.11373393480227
-2060.376626593267
-2138.066406938366
1392.7991590418924
-1568.5166812432044
-608.6540894060621
83.5425230060194
-1260.1958034741047
1658.5454797353573
1712.0104223769097
860.8598037982368
1174.661261947732
-2228.9011283531254
-885.3264992340454
-1558.4475844217777
-1836.3395198991
-179.26724935456883
135.0472191905242
-1184.7915972654155
1041.2823605600895
-1185.2809380558963
1034.4081411029654
-661.6599838599097
559.8457516942157
-1126.109792836864
752.5026039423569
741.3047202723993
87.90262547217918
139.8095533986698
-1475.6060409259453
-514.8543449876303
-1627.9671006978244
129.18951116999636
-1284.6585465869096
1116.2207147341812
-325.9385657601467
-1760.4851267414513
-1873.9380838670584
-24.843607903622207
-547.9092458031855
-1772.1485702475468
-16.74237471512019
801.148760940204
-850.9702167423894
836.0663030011611
-1080.1174134424
1042.880019385238
-1876.442678934584
1378.8776671125213
-668.809859490943
-524.8360298701227
1396.1842523485518
-809.1178689587541
307.8518884717909
556.1717215668149
906.1841440622228
-637.1282350947663
-1506.75477185032
-1029.0448455967294
1035.0080193805888
1045.514382611107
-1059.4955875400096
598.8618708110813
-1472.4706552724824
-537.0728611210147
954.6407554466366
-734.812673995373
966.4843389777637
847.2822347562344
-1306.1932384045012
-91.9891977942584
490.19269350528765
-733.418666784788
-22.475732396347524
-79.98071582255105
1009.4214275293795
1216.9387298692393
34.11869609257881
-1231.117055058719
-303.1829821468047
-1009.0721526402348
272.1022887785018
-243.29443875125799
1517.617290345645
1524.7277591309617
-1953.2571781255185
1591.6645742551793
-1767.509460665472
999.1976740202093
-597.6517283083901
-1711.4205021366115
432.3733556154252
-59.40578905331514
930.8004323458167
821.8251490088553
-1310.5685039574087
-133.07871210967616
814.4729790351755
43.74638014631114
-1223.9896769114223
-851.1020960364897
1572.8991066232657
-95.87919778601932
-1448.3373788177444
1686.9727781560418
-742.3933294916233
1653.5035019053018
573.1889546108313
-716.8290591848601
1573.2174098153687
-1356.283628689133
576.0831683663056
1875.6932942344488
-962.4408940890396
-1445.2402216877997
-1457.646102093504
1421.8097821381314
-1125.1675399397857
-167.33504695363195
587.5198058720682
1045.8443966702946
-748.6729858973054
-148.15531096425937
1079.4654597247006
-1243.2948698930438
490.95592745865264
-1438.2070205954983
-984.9031262301905
-1556.8788976464073
1086.6355209346787
-833.7224821761748
195.56773209897938
-735.652853211546
1403.4983784651092
850.5081727231119
-1137.0303401402077
-1396.3200872301027
-283.57781424122237
-357.8790157205477
-1502.355454594566
147.61140526517713
1398.030897726136
-1651.9427495478587
-505.2967946343267
-2220.8878855278376
1303.6681421454164
1607.7635691707333
1722.2864631138182
-1663.4908192450312
-544.8391279363202
516.5497211668419
-186.4998957074613
1130.5242094221119
-1933.4270565740096
980.4466854351389
-310.0564974378748
1202.456042194293
1284.5841644264897
1154.5278428643996
1582.0825613671109
1569.6440424614468
-1068.5952631100595
-898.4458615192157
1930.351913162617
-501.13875784687787
-1764.62370263582
1919.3099442508603
1698.039650558244
-504.29429296139296
118.42909746785473
137.44763810088313
-86.12391067590161
-1588.5405163766097
1001.3756219556869
2114.5599491909143
1272.676387411572
2147.600329329288
-989.6693572109639
-46.66924367811089
798.7878903567702
-557.7887542565974
-144.52777092714697
-1335.6236769483621
2122.0980409257522
-2205.2425497479526
2403.071935238066
1975.2766803338868
63.75491188033933
1215.7654800675234
65.23850127637509
105.57838417229532
-1137.6182552954058
-1105.6819816718983
-106.82170097496012
1235.083613214164
602.7442883440204
-319.1440412749191
1113.7130811388079
-574.9114276560347
1135.7042834502702
11.040509483405238
1128.3534294013998
-170.750352314463
-589.8618482816636
836.6879798214133
754.8710324518128
954.4938446139244
-908.6113853557538
-909.0881749856876
70.4870130936994
-407.2425789015922
1793.3868720122757
-12.688179031201855
424.23874336601773
8.255323976031619
-1058.6874139168442
3.8342589353708547
1939.7500905068337
-1446.683748805271
11.216817724255534
-1586.0872141594068
-287.98014117349226
-614.7925107480767
-390.42106508596487
1047.7822729321042
-462.2851518380549
-608.9430939445932
-1368.7254584172158
-718.6756119595126
-1695.2722601994453
-752.0514066781398
1151.7765118808404
-506.28203653238836
-272.1028879995446
-923.4583092118513
723.2813239261783
-1931.2322373427874
552.4270107550561
-33.9641732452517
1222.5863863892569
-161.25972830258974
360.0353691536342
-1779.8629352892726
-349.38292541305003
-650.8681281739256
-1776.559198868064
271.83779572748574
-1834.4487395280262
-972.778416553751
-2003.9061149971815
-1202.144128468865
1742.9048862537823
414.50335126649526
-1365.3464232449285
-1856.8664623362524
434.88386018750316
-2004.8979366781673
461.79306398529303
916.2705988240181
98.98396008429619
882.9444963262722
1574.6394509454472
-1012.5794057396892
-1395.7699138419168
-285.6644028871148
-1193.936339154396
1453.4700710885822
1300.4152446378523
580.6130918245019
-237.77853872718285
-2131.0049120492026
-1597.261224146379
485.79145699845816
669.0050043745547
1723.8637799693402
1535.400581868792
1406.6001350100157
645.6632745800414
1586.1608639406093
-1891.0277874744515
1563.2765926727714
1494.1675284568876
-994.6661169605061
-682.8423309401558
35.542600070100725
910.4680412152951
1471.8401805736337
1838.2428318062348
1827.3364855478562
1998.44569895111
384.18366167304885
-1713.0059262395243
2039.4072150089617
-1926.9784253269777
1371.8182208713329
421.1658494501944
693.1206644826304
-954.6416618463444
433.63281907297744
871.5899971927619
761.2828320648791
768.6959528356217
-1119.3678073807155
-723.6678479737054
-1702.6287054487043
91.59721942612646
305.49281758125727
1278.1247552174138
1345.2389989034923
-748.9833493596942
1355.108656379768
-2043.924397180001
489.5773139292995
955.546674805489
-604.8317459336322
1185.4170221027707
1173.5789607452127
873.1046366483101
825.4383910223378
874.3099481752893
-396.1445570083914
-377.4687849289604
194.27135930062823
-1382.0009684797285
-573.0415573727721
-1349.9038775523156
1277.127418870612
1325.0145427012237
-407.2157814666028
-472.90990314778054
1161.6643427515646
-656.893176430257
1207.4445022359337
-428.6899988926651
-812.0924030322279
-1323.3651955559972
263.45350305530303
878.5158840458556
823.1049238339983
-691.2039626065944
975.8755786104115
1841.7438217970266
-1593.5439313277461
-89.90247110062103
-1971.482770493352
1813.6101164148427
540.0801089424908
