317.4275230562823
-2319.8175446496693
1144.3008769380415
-889.6991790820125
1273.0382268872443
-1961.4804667256342
-36.030504896747416
-2323.45043621365
-994.0631145044654
-1263.298606536022
600.8061972843853
-2065.6566371026875
741.2108188237864
-1077.3799336156803
1279.9227839030486
1884.6841696987638
-1508.986494384043
1711.5639777965225
-930.0444789745616
1426.7500265484796
-2142.4569887487028
-2440.047194256745
1824.6076125101079
1003.7116670497892
72.71845286686396
-1557.8142528601636
420.2915358864101
-640.7656854284049
-988.2302554639799
-2496.393164634897
-154.06478606985573
2306.6710600062747
2032.2099964995887
-1640.3385482971778
2393.3932031151953
-1386.8473685507442
2010.1696359996736
364.63963653165285
-204.45983283528147
1457.2216149759004
-2127.170057873196
982.9709525439017
-1335.9927541031957
-1568.645078857262
2258.698337532664
-1138.14453777705
-10.349708716412277
-1270.335495405669
-2323.270591763386
1326.0885375351638
-1213.772029661534
1986.259532441233
1680.801488571772
-2205.746858530019
-818.6044020874922
-788.7975494030736
2127.8148610516155
1050.0270333702217
-1610.994856888407
2408.680995297306
545.6899175379704
1393.1728770626632
32.836072788783866
755.9698952704308
1.796511348274299
-558.1547939721571
-1765.738468891645
-2328.0549274505142
-1367.1431422699377
1761.1746734106548
-1275.0101361973286
-289.6355383328192
1174.120450420354
-447.3458122069529
2000.9024721551589
-24.18063941676096
-1591.3810260469606
-645.3217812396556
1194.143248051741
679.2104068850069
-1553.4357181311443
1076.649821372903
-1092.0034138036988
1524.792872008653
-859.5366871902716
-2282.603104181566
-2267.2763054440097
-2147.7134205181965
-2256.7203991939236
-2196.795017171908
-1459.5887746641345
-154.7652261958593
2124.9799240249636
921.5960057557837
-1056.9830146211134
1660.7488775227869
2477.061114409127
-1275.9474635993274
1490.18218193308
2035.9635905890145
-1544.8373989930199
-1575.7926046457949
2282.0102705956647
782.9792340416808
-863.3761444875176
-1872.4112266189325
676.8992042295374
-1403.2416496741457
2002.8584938436534
-1705.1692414656088
-314.35913498592316
769.3917597132016
2395.670257578758
1262.3306330508233
-539.6099202939508
-1270.6567571141697
1542.1475155692422
1022.6537647747491
-1989.265512518843
1805.728255782586
-705.4721650678808
-1598.4431813855138
-1091.018181837594
255.3762629495282
2189.433896774103
2359.322142476105
282.9113723237919
-615.6268317439983
-1704.8608006593668
1391.1639827416789
-2163.377224948015
-1454.0263315532354
-2413.970419952769
-95.21010462180845
1988.7436184805347
-2096.77976634952
260.18489606162984
-1987.230600515682
472.1454019044874
107.30091227244276
499.012293611828
-606.8173945248778
-2099.5556707120827
-1538.378851922465
-342.8786507700582
744.0923775242397
-2126.0481375060936
-2283.2370411838706
766.1381819082735
-2114.2963347403565
1171.3689654993732
-1627.0512292705757
537.913989921146
-2251.3566644283073
453.402164332104
254.32229610952206
760.5912736911569
2327.6153124091848
-2309.3879650496806
1163.3045602428692
-1904.7516589425807
176.75454575638682
220.18864601993982
1623.4787844752702
-198.64925427107326
-1823.674162887487
-65.02146438086609
2075.902643250486
-2154.0020968576605
1109.9813540728503
-2387.0248338152887
-593.558820149645
184.95621376314998
-942.3864687015893
806.6121206575926
350.66144294052583
742.7337384076982
-2269.092675071744
-971.4148301880216
148.02138067654235
-1235.545420733743
-342.9801697006285
-805.4382509266205
798.5342611068153
-1235.9475260567988
-449.6176948810393
2413.016344401187
-587.2164165360111
-748.6929382200808
303.4414339007668
248.56703975179417
-1559.891040801475
1784.5083291972785
1774.2269660426396
-472.4326543952334
1009.9786881153794
1666.039535591009
-2048.046403461838
-396.6554977187886
1228.0103297729295
-2225.072733222721
-858.5669197574142
-246.64610500182482
1030.7959518521425
1613.4168494369621
-477.10395002613706
2041.655421062959
2122.6337019859598
-366.1138475246356
1815.89163822783
1547.4985002947822
-1407.53743189374
-1692.078024429604
-195.74830069429117
1334.4364113301633
-1959.256739234992
-1798.8623315955153
1163.6809301391804
-1085.7273719779243
1433.7225359198642
1525.3217472089937
2374.3504869617755
-753.7254216037542
-553.5355198844477
2253.762039778509
-502.0558722454588
1504.4746476505115
756.2264275387071
-1093.8997085291592
-1748.0708011666575
-2055.4918875069175
604.203814929924
-2464.1723769275086
-876.6113968376849
-1793.6761699452907
956.3627864423563
1286.5415070392755
-1769.4217711576139
1300.2335427143614
1763.025014496899
-1877.6596642370407
2262.4378979536486
341.15085082477793
1142.0633222907368
-16.758641618683235
1104.60715643014
1819.5009667118939
792.0150903217193
-331.73554032804697
-304.9313089789507
1827.168173298433
1579.1113311782728
1206.832118074702
1243.3594454578144
1192.9785914191143
-1963.830884809296
343.39505888500986
2194.3619279276854
-75.40084004314996
-538.5133374847607
-969.3015277491762
221.00867779958455
-1297.6324338265938
-587.672182587361
1503.8641344849007
89.80116774005454
1425.4488772729885
-349.72225873823203
-409.5311499456128
-1541.1330346049551
-2028.1511467065855
-985.3037841514667
1401.0609433358245
-2459.651385860062
401.1971190359631
2275.69080033736
440.060215746465
-912.7636478335837
-1197.15691976992
-1250.5230011084002
1478.7483423895387
-650.6695661548928
-128.30461610560008
346.689178864239
240.06121172077343
2483.835302430932
2080.3639635075715
-1231.8513561045036
1059.1561445416908
-596.837984580777
1008.5481458778422
1762.793548872555
204.23110874888962
1195.8313479839926
1989.2485209999245
-1281.0805902376226
2468.832788716276
1065.9451812823118
-263.7395110847407
1372.5729086406268
-20.10103256349538
1202.5099415738578
1028.5424648382862
1085.8897696390945
-94.96387605803403
1111.9679687493706
1844.433151914892
-26.639777216616032
1888.0426651276898
1725.6134574170057
-437.67492817122945
-864.5474089591448
1593.4460629614616
28.138657632355013
-1025.713726886477
-1603.2792036242583
-1301.1709742574624
2044.3778160246052
-2104.748188082895
-1760.5358853615865
1037.9781542511685
-2231.615153502393
-907.2073060051162
1074.208045535049
1368.396830200609
22.302201358262998
111.09921784459186
594.7154488100371
-586.519134754751
292.04981390753835
1317.7028937962548
-272.06528550357376
-587.3360178315418
-1697.3206151616043
162.58941971479646
-391.7623315527763
2402.097972574241
-1531.6841881013838
1206.7414090745904
-919.5070277406575
-2156.0603990447103
379.92007531371775
1950.779833443867
1467.9693037928425
1024.0755366039339
2178.686863300608
-1125.7419613029774
-2271.246363239478
846.1222790421025
3.7020505177609575
1382.2949425261577
-2331.679835382566
2263.797352029184
-1300.4376134702416
-1451.3870935838886
-1423.923567717495
-1385.7334200800015
-1377.0246342945559
-357.3142261532319
-1489.8392301999113
1541.8272714741781
696.931052964102
-566.4220264104608
-532.5386582115516
34.29815690622895
1826.8542087310923
-1825.8060302802282
-1155.2310193132432
333.74255462415624
415.21929252454237
-1012.9638023799115
922.1744127556885
128.6593823491422
1989.428075618339
2096.2055725960017
-1418.733948728274
-1513.4635464244334
-2107.6778238107545
980.2589542717416
-891.623821699381
2443.665160085454
575.5214575258943
56.672802976583945
1727.0726877467507
2033.3745222058142
2282.8506812830683
1951.0434037254793
-1545.7126439810008
-2195.646469977078
-185.56405749458716
-247.2125058871355
-1019.084271411247
-1442.517475026565
1621.6251916850322
913.9910518299704
-459.5790823431772
2112.608241767341
-301.29685935550987
-390.8152006949561
147.91801213441258
-1594.0497533146581
-2390.5531826431443
-1558.7913723828174
-832.5886450131409
2114.3376453966202
-2485.117850273509
-1648.038531320467
-1103.69844147516
1304.2305315052026
-1746.821938283787
2476.7126402968147
743.9752641478908
-688.5105022604404
-1636.5692476887878
466.7872740044199
-1374.7637768132747
-827.8849412281464
2442.1631919119195
-502.1815984765443
-610.4696142156268
-1555.316314670811
1374.6838751035657
1779.3922020424368
-536.6359395081516
2191.969424904389
1793.0210698705062
886.7959564845546
2396.0085270951404
-1777.7563082659049
-2422.0325788199016
646.7105654511279
-2332.4681099625177
1430.0064685125124
1344.8399423546298
626.0725547631196
1943.390285439845
-1778.5915993443402
1630.882682321168
1496.9630498547708
-58.73832910977761
-2438.6184371712216
1936.8070596614796
1680.2642907877396
-1786.5057198501577
2137.5052487591515
865.7885106960139
-1293.0424146725677
1442.4921820641484
1499.8891478574494
-1649.6968945106344
-321.68267286519057
2296.5533197934606
-1193.133866637916
1360.5157493433921
54.89166278654201
-2499.879167735103
-1016.9569284834024
-1452.5066982277258
-1240.9596753328256
-464.8946685879157
-1320.7328737993246
1990.3435966395089
236.9350836383166
308.8783148595836
2413.3213160197797
588.4467728854004
693.3092005792352
199.7346454737403
-334.3266388550659
-1331.7313583472805
1185.876918014399
-1877.932498445541
-493.64384859510335
58.8141331233899
-353.77449694340754
641.1910532786852
-2462.9296666522955
2230.5998591083203
2180.1159207113756
711.6967947957403
-453.1478821511953
2090.0964092233294
1192.5099334022082
-686.5800418634016
2300.16323846853
-325.0913010119311
-1018.7233471964869
1115.5400401806587
-696.9883506704977
-1695.4649244303077
448.41114949718263
-1687.9649023836935
-1774.2753418649115
-292.6335953522274
2488.7326814558432
-59.34637132390841
1900.250404998321
266.6543394494292
433.4130578287365
2322.763470150249
1455.3729280882098
-193.49951155470558
-1350.6830920133361
-257.1169983094612
-1795.0162027954113
2273.4886204911604
-1974.9801288632523
-1875.6049763712113
362.5613834145358
-1739.600146193785
-2389.497479877942
-1748.11159351416
1519.2648081313298
-2434.475314723976
1119.9015801178803
-959.2315843527705
93.56092907152114
884.4020945943254
1355.3325695818253
461.22259926213604
-2362.943963152316
-1709.6095500684316
1864.6797495379985
-13.677316421292772
-1035.7838326382468
-1623.708321596778
307.38327281426615
852.9904551611817
-1437.0849370917565
801.3217370884806
2069.6367714796565
-0.2518169545090432
638.2563757212951
1516.0426563948904
644.0387752488924
-1723.3770037430086
-556.1227768550442
-877.5622293342539
-1831.3720727181965
410.26592515670535
2262.943987917717
-2332.864238858456
306.3609495154673
2251.2957595260273
-484.6859690349498
662.8577006924108
-661.521391412469
-1968.931440673708
-12.160623921973478
-1713.5187373304784
-2056.165610562836
711.5241276246226
-888.4493730045351
-488.3120641968386
-1358.852647091391
-975.5480542252782
-457.53463104687586
-1600.0212519868912
282.2681958423739
465.4655072129388
1042.022390285283
-1104.0870891079808
-1698.0632166476794
333.17134683922114
798.652203737043
250.74679635192166
-346.8642036628644
-2114.5392086113584
883.7526460434481
633.2194028374944
1487.0328471490102
1822.5509949315194
1493.3430313392448
-422.94989849187226
-327.36601469919634
-1399.6543757310576
1990.9325304458291
661.7866120015559
-806.3461906734804
-1472.1203120895289
1537.6427213378768
-773.0403411667469
-1691.2575365001885
1209.0626749383887
2272.3837191431217
979.0726812093176
2116.0903274924863
-1348.377153910809
587.8906453058224
1066.7740525485847
-1175.4349736707532
1285.1074132049173
1037.6858623146052
-428.3706888817546
-1399.081600653187
-795.0162065972388
-2195.4619386780223
-1609.7658549394373
336.233791835816
-1808.6639015629585
462.75014070440545
1167.9742868670173
1054.665503056904
2438.3428715639106
-1025.387396248178
2285.5631903757817
973.6579528080285
-1525.329700683055
2475.61948163368
-2103.4436311194304
-582.7886131581545
2455.108751607546
2423.5500168219896
1667.3621771924952
-2117.602859764422
860.2266185294388
-1886.7226662868898
180.83971776534202
1564.2054297729585
-2346.489709118781
1392.1748537619394
-2069.6071664248193
-445.0570686665795
-885.5954381358483
-2349.754348992176
-546.4573585526111
1751.7812478259293
890.8628155946724
1804.6116583948435
1432.2787320884129
2229.6868385460784
296.46297663735055
1049.7540971378533
522.059585373807
-533.1500916015847
514.8375867674698
602.90697259338
-1737.8435569911494
-1654.1412774903947
2168.116248024313
-461.73899169247136
-2332.9011930027464
2296.252613592839
1656.2678454001318
1074.1449158283517
2002.307658779336
1292.714896709321
-219.3176454107054
354.10808849401786
-193.433742761156
-2321.944853199161
-1571.9789484754665
-2154.164102085154
1439.80300797811
1941.2584139475275
-2490.6870342243787
-2028.9113320167423
1306.7281474021004
-351.7355413986467
-1075.529994846155
475.36042887290796
1435.1898603245456
-1303.227595765855
-946.1627271389739
1347.7131003583042
1272.6814203816277
-2053.751617342789
1166.0924265348553
809.2503809751522
405.25487824732477
-939.5528711777612
-824.2489600076431
-1997.0498767000183
400.1655359617845
-1907.859093468145
-616.2677574834908
538.0867239189552
-873.1082088558106
1938.3829238529765
2190.8823805402626
1969.2269759938824
720.7451988309316
2299.513205800116
1287.0519701729916
1622.7970195182368
1819.1073457804841
1186.250182619717
-1512.736080004255
-1076.5307780809258
-177.6032686986112
2336.592084063703
-1788.2914868274024
-1481.8673718249686
1710.1952756562744
2127.8864265003167
1587.7446760414177
-1953.0390536028997
2377.527235072942
1699.307182085318
1289.7831403881466
2369.107386156843
-452.8903590855887
-963.8864120287976
-473.12834770450564
1414.8072835049968
-1939.5398246474126
709.4472948004487
-1962.0020005069227
-1393.8203196561544
-245.93027144776792
-2185.945003041251
561.5727254749042
-2034.2198720045612
1186.4173884851502
-598.7905681521544
8.247737117705324
614.9569600100047
197.42648615185044
-634.7654393578267
-514.8280971902525
353.32902408064524
-1345.9716475602756
-690.5814610609673
-1605.018329699271
-1593.793264282356
-2236.176389785702
390.73908082668083
2064.268790225806
-771.4638876807212
-976.6006337373195
1522.7012549375313
743.9628828891875
2461.953812694696
-1791.318414068161
-398.275849908572
1368.0121187815175
755.8004419713554
1811.7720249789832
-385.10424295960746
-1843.0601966193344
-816.5555067342017
-17.960673147253136
-1414.4537527883344
1009.3010697742011
-587.9709973086306
2338.80449286933
2317.9757417675796
-1363.2411642177706
616.7605131916049
-2011.2181024626314
-2186.199011228115
1567.442495115477
-629.8824895024358
-1296.4953736712837
2049.7734626253305
-1532.5496410226747
2381.8626641765245
-509.71255970924665
-469.45025231259876
-2288.201742321583
-982.4972650169872
-1275.1526311002315
1659.7804309425862
-226.1812849152145
-19.154063923327858
604.5233909454955
509.01560137957324
-204.04865299006926
-589.4340618135396
928.108189148355
-1993.6917951978871
-1344.9310134110788
-88.81234156273233
-1888.376348083149
-1084.970856058529
-58.07556368265465
-1284.3297075772186
-91.05780999290435
2228.290517521517
-463.00108970224517
-1740.2312759951626
-2478.0218141388095
765.5070249372297
-1116.019905083745
937.6126298019616
-2342.758631940558
-2174.992431269047
-2362.7093721935694
703.4513482472954
-386.13400964531195
-2279.757703691314
1091.5353907260173
-1513.7293601499762
-1327.1989702526478
-1092.9864567617897
-2311.569416730045
-908.0080053359424
-1102.3373438470064
-804.7098621622984
1940.7210283225402
-617.7719341179278
-2045.1732373589455
2231.5501551318307
-1687.2088121718932
1039.0721376082968
-1286.3461207692883
-1963.7718456035286
1954.116900317977
1152.1568931254183
2197.3125589719775
-2114.275064619939
-2305.596879719773
197.22910593507947
-1079.5133865508155
239.57395861745223
-621.8044985714305
-285.25961690543664
772.3218248434805
-269.26245533596847
2441.9519951114303
1142.4656186310722
-1618.7119952944045
460.64083409004365
-1381.9966678861772
-2192.0842390485263
-666.7971218511632
-2029.5650468815745
-2212.471695279145
-955.6785894204528
704.4845757228513
1296.1118457827586
-1701.386582471115
-1241.7799994289935
119.76929025369675
2457.476123761934
-1484.3358938168349
547.1879810550683
-2053.6480114022106
579.6153907193063
-1027.1221606724862
-2356.9820761731485
-702.5230647572029
1600.3875255784872
1267.1856946700561
-1461.3538994416103
-1767.6727045263956
2178.582071319572
1745.0141883684678
-1853.6041274466763
-2087.3705198544385
-2015.2082850936142
112.41495155201508
-269.3900974463309
-495.88551125821334
2030.6644315707035
329.5542025633541
-340.4997930487169
-704.3583905099532
-1927.9109182494653
-1461.7503103587337
229.05611538434124
-2150.384999630842
2408.00096580832
315.18890770070306
426.1035536173885
1994.3939900269663
-411.1255591186497
2243.6553483200328
518.1220001594372
122.7137009849555
-1352.3940224740522
653.0390842778467
-1215.821235229887
-1430.2907682796551
1470.3698681871458
-1611.9023467901168
-2465.6487423081608
1809.9523090938796
-1163.8343078356845
-1361.1163727110725
804.2631765756125
1834.9804294078288
2471.1551268674457
-1812.5512951149874
-2243.1288649958515
2351.1216923726406
-1812.477239907837
908.8765964044782
-1124.6069836118495
1371.9840371717196
806.4758545882322
1001.8985327239083
1489.2801062423505
1370.803220529464
1101.1297399947161
-781.7157803607066
2039.3900625204442
-595.0916009465673
-1562.5870949037646
-689.5995566699759
-240.97142379800596
527.8913594892526
139.75306558212054
1022.7732067375711
124.28185922184976
1364.6280117718095
-136.8082139325183
216.18462105461256
1510.0736576877132
1940.1285232006387
2414.70879363915
1131.7817471307662
-22.364234912503058
-2274.743257023966
1533.9147298704308
377.86939038651434
14.588794530157045
390.6835905166528
116.91159907557424
1953.504138915193
-1649.410037031453
-54.99107414640159
-753.0037610830248
-2489.2978982024338
-1320.4899362078627
-2226.195753371521
-1817.9822437950327
1101.020088428692
2233.360480260884
-406.59796208819154
2140.5843070055093
-2147.539645339977
-2326.300033759051
-513.4234690921163
-1672.056614353184
1379.1012287482297
-1306.9934346685568
996.8297729945518
-1852.7532945338871
238.5451090427221
-948.4897221516464
-1276.1794787080178
-46.959915562881925
-578.7759287045019
-2485.763141026333
-1015.4612699349069
2021.2049452940057
-1319.2025941692264
-701.47474431707
883.1550527781973
-366.79238313248266
496.3221996427081
1194.0343480616411
-432.9611683317813
-1697.6026470090333
1594.5691666413097
-524.7343838837198
1537.2624490727349
2206.2269384781407
-1745.1911058905107
-1909.114740243687
-2371.0205337433054
-2169.3487736552293
2068.579383198152
-615.3638939231848
-2319.6170760421246
-2318.4071790577423
-566.5997232188091
779.3900696978706
1968.5215790540772
-2326.753262787862
-177.91237949886184
-1561.1039205557647
-1793.9273510934584
-535.8713575372226
-211.72838159730202
-2088.9603408777966
-734.7618100734304
579.153106328782
1743.9155101536192
2151.9359365713326
823.2545847159006
629.6640642819045
-1223.9234384980664
-868.0631567548058
-191.42654882274124
1323.2178918198163
-842.1523261038649
-567.3601551453966
-1132.406273244424
1241.0570030839924
1752.3626090023258
-1141.754625469813
-931.1070900000595
-1446.4083326794546
1208.9431634917041
2105.1156239364477
-2284.770673877805
942.840880663231
-293.0882241383703
960.1468294468934
443.1540826774893
2005.6684470931496
15.288894263645325
-668.4255886182849
1755.8930913397492
2322.7788959123254
-2194.460656785539
-2344.9123313984005
757.2310855961639
1195.8243948196246
-520.2735062925135
863.6399120771881
-867.5532847915601
1778.6061142392996
257.8809909133367
2161.0961710417796
1356.9224674137092
-2041.766502924155
906.0825896146702
-702.131009620004
-2296.1313372359214
878.2410077098713
280.70076365783683
910.952016902713
-1130.3248693641265
1438.0442655361314
-185.56376844331146
-2238.7343938151735
1938.7222610990927
2451.746980252202
176.24876824928083
2377.9897465682398
969.0539712269475
404.1978252938311
-400.04813170747445
702.5675815088427
1696.1356603065715
1903.3260700150195
-2204.796819424
814.3152569816558
-1276.0097637323481
-1004.8326817249448
-1070.1889093396883
1715.090098662223
101.32552003387862
481.6259965152753
1903.7250500846576
-547.7807172591981
-1635.1619579785454
-1739.0983759127976
1022.7738349431376
-1433.096259777392
-1027.3048973340242
-1503.3597512781848
224.15783538660418
-1030.432344087297
1548.272313192977
2114.253811567138
-794.1000161571437
1864.1321267213557
1507.5387393837032
-2278.5150478384508
168.90392129790487
-1730.049905719469
-546.942749536557
-2444.824502021574
-607.0372321430184
23.146775995371293
-1816.61691065318
-1532.6684221047576
-1462.991476406994
878.3675727285695
2288.7182518106956
280.95905649149154
1379.0859100208852
-522.5566912101509
-1918.0030280174387
-1930.2216998731703
-2307.0182955983328
1503.2416293527833
2049.147922067763
-1954.1923059438686
2096.134091418155
294.978673475344
-906.8987270363222
-1225.0600778898374
1997.3916239910338
-1434.4745252618463
-2406.8232507053926
383.01627162282193
223.39050581356713
-1368.2492795031997
1704.8093254993191
-736.4610091474389
-491.2422970471897
-254.3024634715313
2384.1415783615444
-446.9575954655064
-2201.950148534266
-1302.5974066143326
2337.8295282930408
301.2780575319829
226.27723031934664
-1150.5790042328813
1470.4804859151027
-1169.2493967134765
720.0607147383953
-1841.3688564627357
-1569.5383178745126
1253.775294345259
-1607.0846045197895
-1457.3523252924874
539.3880439415777
495.1095512701542
1295.8462523609603
2156.1827669071
-1268.581752377516
454.3442070151671
-2371.609396957597
-243.04990665802106
1125.5597623635754
2134.624199362907
2215.436046623078
2361.216354116044
-1492.4993721913254
-1337.1013521545972
-1088.4144672064533
-184.1387908122416
2307.059362608661
1131.7849719024725
-2392.4593891958475
-1253.1847007451524
623.1636524113077
1104.2650978970314
-2318.083786306867
-2416.9962423190896
470.33741181509106
-1560.187477094912
-1932.9028649612574
-1999.57028825889
-301.00181875021894
-175.81735913549056
-2420.8101651785278
182.7908311322013
-23.564546098508444
-985.0168689673993
-2200.1782875380495
-1246.9697822743337
-2193.8370452341073
-648.7283340977157
-408.5180396633875
2094.47808622677
-1189.5954975584293
-2482.187759153334
-1721.7044444984358
50.75393660793181
1403.7983284923173
-96.74600559285041
1630.5661437959484
-1329.6508937370554
-454.0294212924734
-853.6199159857205
-945.8803401499094
744.8250994913658
476.45149214524173
-1374.2956868326362
-195.574918476234
2378.8156864694092
2207.4779107096774
1715.0798309824188
-2379.3344622578456
-1274.4697381607507
2078.54495332191
601.6140815146937
-1093.6244819295227
1323.2142333199554
1861.1413217559702
1342.0680717137823
1470.9578564278113
176.02994386258175
1742.9209784799439
-2379.9492621302793
890.339284447359
837.0779972753728
17.63861062342109
358.7019875561981
1745.2157466504775
271.78855079833977
2460.490157647624
-1057.8085265814757
1351.7892176625628
206.66912383943026
178.0754576935295
2304.2411129396432
-887.4134318896382
-1998.597344276527
2188.0189089574524
-446.985564436016
283.9033480705977
-2178.450837975692
-894.6482407543505
119.09719215668191
-1218.3965211708253
-965.3906146958352
2091.0843502225
-2363.0729613282624
-371.54192253509353
-696.0295122565841
1652.9631536061702
-100.08754864105185
-2216.103614181042
1813.2566675063615
-1020.7706207559869
-734.3854199698225
1390.9904189173756
-582.1292542530571
-1766.7326508473518
-1170.2521088725637
-1074.31069964856
-1708.9839241612658
1640.3481409562148
-463.61142222580696
1339.762815262119
-191.75077140772544
257.247490501713
2146.6624785427703
2051.61415951851
1997.619172337291
2031.334760349683
649.3170973694656
-441.9408456358387
871.7086746220432
127.80265716763328
263.96488136611106
-484.6267939423682
2353.3995367260254
-1467.9756355607626
-1338.5819147181398
369.34553532326885
2308.942632787747
-1381.4017846919014
-1594.5814885018317
-998.219900108494
409.920825169281
-280.5406160235563
1906.1969706003301
404.8255585935334
-1840.050023606355
-1279.4940694204022
2368.682079120526
-1905.287587850662
2442.4730087973066
-1630.48794192929
316.80951598498655
-167.07790770585706
-1627.242578595973
1287.6658549137821
280.2654188583575
1235.5054888545146
-929.7832743612478
1642.8934874629624
1141.131886513893
-1979.783482962263
206.43204117049063
-934.7990244286136
1455.283348162288
966.319627240888
-1170.241023524235
-337.4181640034707
-2212.982013522328
1143.3764702292049
-980.8360745828231
1930.6163040089707
-274.71227096958427
1603.0119302398728
1377.9387198980303
939.699467235664
-213.972961476136
521.6043960129263
-757.7977953136123
2430.912983133119
-152.54014003109938
-267.95689428007086
1749.6069009230164
-645.1281234533479
-1886.0995506282613
1689.1360964290764
-2409.5776843445437
1947.44860618962
1858.4431085418023
2175.9521778954672
-1653.8213138521967
-1347.9018316609586
1356.0714952930514
477.32304282020135
1810.3097029311548
-929.4237742396782
-513.9008592456202
-1678.0720008706785
-1419.257671958946
1652.1654544941994
-543.5127931444389
-1374.1721706867932
-483.8614594623325
-1983.907983230621
-17.533497219452965
-41.988315614157614
2355.503288157267
-2357.3622195045036
-1961.974945197756
-2307.5353724800907
-2084.8725722981526
1165.5226191083784
-1008.7949024567994
-1988.541478717386
-202.65296394650358
-2348.5495720816957
-2467.215028597003
1281.216222202572
1472.353436119513
1062.2854392904223
312.806168474894
1833.7920996404312
927.2999360016382
-1438.857155249777
-2389.462516240478
1857.9582577017773
816.2060535245746
-1554.2492611786263
1680.84973109274
-2072.9181415643243
1189.6709304713054
-1729.2415927563948
-1356.3889361494996
-326.5776133682402
2435.1615439279685
-844.7619936126105
-1087.4091098927424
1255.974894156654
-1983.3459342242465
362.4451960933722
-1803.5024281003155
-2437.070565071697
-33.34076790470431
-1014.0222115201725
2047.1555298358385
-1459.9870323022812
-145.82554290283878
-2020.2131525410439
1778.4590841185366
1642.42401398399
-871.1383145066497
1829.070320716668
-1665.372178531071
-829.2326953208162
324.7572539959953
-2125.1040147572685
-1652.5848323294445
-829.6590138492415
-403.9209280713596
-2322.5286478294383
-1810.6907473513718
648.3208224752474
1453.2029114259142
1831.3011205360135
2303.3951232547224
1094.8369652309998
-1631.3606691680332
-1669.9621166799357
1470.4323307129646
1681.629522021163
1130.8476195537864
-1080.3416301950085
-40.16734371962593
-1944.0847161667184
437.9848461940805
-124.33687040001695
-2296.3922662570158
2347.2956951670108
1244.1920856475697
-1706.6813085368299
-269.01328528002585
-138.0216084751029
-1202.2208409954565
2289.5345115015743
106.28899208846742
1951.2818171757913
-856.3202807470943
-1519.2172252863606
1523.7691956146487
-289.6626549968656
2101.8007936672316
-2276.456724606632
-469.46648823767424
1488.098184915111
1378.4040239069984
382.0740940432321
2072.2606878686533
671.2100817903677
-480.5899913283246
322.8786146907858
686.3429420453093
-1158.0053022907816
-127.47215151454105
2426.062002481576
-796.8048604278466
-1795.260184944495
-1410.6336716953583
1650.8371679723966
-741.1369974573267
1124.6886120548543
1969.1954562706887
-2404.234809257424
-729.3049727295869
-1269.4356902556704
-1877.2199047691445
2053.879161796164
-217.2759043462019
-205.84092305039547
2017.7186119742535
-1721.33175782189
-1751.4614512818698
519.4683834496317
-544.0223483863089
-451.03788793356966
386.80524113511973
449.0389771846276
-1570.1829884975205
1149.0808283505005
-1781.7603657739528
-573.3502410956687
604.0637983866753
-934.8161640072883
1772.7008333251042
443.1380578471783
1380.6963036073805
539.5718653716258
2241.222260885673
-1763.870468805697
-884.0401635049739
1121.7659492614007
-959.8278010819172
-1285.3754581235416
-2419.2570521220364
8.509703184247929
1853.369827526342
-364.1601274814138
681.7005044419361
274.4082966098221
1222.8661753176023
-1525.5997802534228
-206.3816986027378
-1939.2601143775473
-2329.767695963751
-907.0818113159501
1792.7708354207493
-87.95305671304376
-352.42010651161945
-351.8021004992067
26.533078418180533
228.43054759841442
-158.8297634789565
148.74128148475495
1006.263156376787
1236.0462128432005
2480.354916660097
-783.0663742394822
1568.4825264738433
969.1178440691344
1340.7185081961386
903.2279488421264
-386.3635183742214
503.8550518005658
-927.318702840485
-1150.1558421919233
1302.2255866910104
87.98307900520052
-1664.549386133037
1707.9445081787514
-1235.140768822201
-130.8385523517408
-1028.9080912435484
474.94178009058254
-34.21389070485004
-358.6093119873457
-1885.3753284873353
337.5414886374012
1348.7165950711005
-1599.4264211597858
1703.430336261999
1681.3166744735952
-710.7388570378082
-1471.278984742897
1322.8921895978146
2159.0551208013258
-1819.9370104230022
1110.8604919169395
-294.92877309869993
-902.1802155913067
1182.7144062584455
-1770.4732969349752
1483.3515214327908
-931.3969011267886
-705.1973225333575
78.78318234953719
-2001.6234285361995
-857.3452015312022
400.93805992564626
-606.9542964711627
1049.2260938847992
2215.0067911056426
2403.3777688550376
-2004.4531746814148
488.66737854682486
1788.413263749571
-1639.1371373435077
237.10155588292093
-527.5498759288155
-220.12850314407584
1803.546414042811
717.9064858889573
-1010.0074664852432
-762.91776109832
2037.3989723008456
-1036.5786314731345
27.442097601501626
2333.654802642633
2303.2312616878703
1659.9563469881145
2343.9771739632083
-2350.4431790883764
-1886.511817046872
-1353.595503603987
-1621.6531033922543
-462.744805629699
-1045.7797885835114
2105.6342258554
-754.9698246108183
1324.1875141894539
-1189.8513694847086
-697.6288022844257
2128.029421579536
-1791.3480160720146
-352.49945996566555
-2226.0263102030426
-364.80695839629817
-31.104739631176436
2072.292943450391
-1903.6754038854704
1837.0992168862172
-1975.872298500263
-1128.992351863979
-1780.8676245829624
781.9108739221136
961.3845071596405
36.10299473662537
-106.74495412894225
251.24845971495336
2373.6043470688555
2180.5692455033727
1897.230871069992
402.0076019098096
-258.014988756734
953.7392887575402
1611.019816483783
-2274.816469888069
-1860.3751612815406
2184.8267808845317
982.0307294508074
445.14506938439723
-2266.344675999134
1001.1695920014563
81.82842368638366
-1918.5664723158857
-580.4900291239301
-1905.0845066623544
1261.4854857807422
1400.04923878626
-1566.322797798374
-1355.1046744064265
-620.6343337169212
392.31338219838375
1460.2235984621436
2139.683437868033
-1302.8073102876226
-1763.216557105355
-1428.4261448114717
493.35887567059535
-181.41771385939919
-1576.6726549258187
2325.476695366386
2397.231570347743
478.781906744824
348.34952556253853
2477.7822020109993
-1191.1879094922456
2085.1864655541735
726.2895031781119
1064.6008052905038
-2156.4437497252275
-344.7337125085315
-895.0996605267558
-942.389253809508
2105.427369521655
1201.8647754714857
620.4463941114757
2402.7233587734686
-2330.9257280430047
-1324.6076001793156
-2116.158649399016
2015.0148434431646
1509.4325443813789
1288.266943632183
1549.8807113320652
-778.2251098497783
-1836.1868389645026
-1580.9835935003796
689.1070152997031
220.71951718249326
1807.0515161448252
-1678.2167576286167
-444.5222862187753
351.8608890302005
1722.0468841852544
551.540352038919
1722.888226839191
1369.2217833904863
2356.0306193069196
-643.8539288229999
849.7364948542535
2442.527537735662
-1232.8412969205249
2283.438392254929
-476.90301839956874
-1680.7960564680363
-713.4669135413963
-2095.1112566725656
-1267.2934294548293
933.4549261029551
-352.4875247044612
-1133.095616685641
529.8454185660678
-1238.1113477394424
1667.1825157658193
1446.690630260718
337.3306377523083
1394.1069578338038
-195.88702159114735
411.6527871934228
-1805.7771881324081
111.86688331478013
562.035815069335
-1740.3593328267175
-57.52376499716772
-1248.1297640518435
-2239.1620616900223
851.9035280054499
-7.348418420054514
-2235.0696173362267
1154.268722735916
2041.451465490398
1841.9358527310626
-1821.7870330820906
1738.0212576571557
-1853.4185477225913
960.1029595458199
1117.440142083022
-637.6469992957373
-977.3469072728947
2007.6781136099753
-2347.6045367720976
1940.1700137408695
1044.7639706086593
-1394.54718337321
-2008.2388961377667
624.5076920510761
-1470.199558237673
-964.3699456415028
-1527.7374983674767
1818.5958020067721
-1001.5953346811557
322.2615291661324
-637.7043643459563
-222.79344399418977
-794.2773087485566
1112.273390294297
1231.6501226827147
-2140.258085820576
-1945.632776170798
658.2562676449883
-2473.354051087141
2203.5204592078735
-656.1513325587038
1990.3336392146991
1033.936868021394
-1300.0121414442617
1807.7995312938733
2056.798132453509
2116.437664656352
-2322.9219345193487
1043.6372424122626
211.8462152212103
1961.2718547575491
617.7115565705943
-2251.121107788683
-1066.3835686865402
-407.6654117597778
-422.5738266335888
-855.8543523112078
2066.8779592883575
2069.00994418737
-2296.608196462298
584.9603379478701
1202.0891332597405
-1882.2228423509396
-1597.4307933525517
2142.765769565619
26.187881916201473
1424.8857708733092
1258.530917886238
370.15925067389486
-389.6475729833415
955.9751112816623
-245.52978707407192
-1443.8395517257286
-363.8943035740622
1962.4580441894184
