-14.068631766685673
-13.213586806763994
-9.624159449554297
-9.399547652660305
-12.902930429862685
-10.02979903834354
-13.7330698501753
-18.65257592324057
-11.702356785801168
-14.264681990223863
-26.48193552954307
-14.880681409833935
-22.41114103772719
-19.283042031785374
-6.03156282431303
-5.7866693940872445
-5.618013439047211
-5.35606869455922
-17.246494829473697
-20.04107243009907
-11.107848732510265
-10.64142914933443
-27.051858105609412
-10.948710564912286
-11.788577172007228
-15.057400984259866
-7.21541678827241
-6.315560076311198
-7.982557910891701
-8.16872420118131
-19.650820323175196
-19.58351164262119
-11.263169357097395
-12.122589914762806
-19.824851694341515
-12.466809675035103
0.2464025706916102
-5.951131619209261
-6.842616561483308
-6.307949041565204
-18.126258669198098
-6.359201083524664
2.0031409517391707
-6.6451004971751635
21.001818870867222
49.16897985402477
-28.791708929979812
116.09527114924076
-10.645507344507159
-11.620195938334644
-42.788428700247444
-54.72900033110291
-40.40540274327806
-75.40916247761139
-9.14599839859623
-28.466425177384185
-32.08283949354819
-73.93861398886395
-56.969613114877106
-84.02362654200004
-39.06071524053903
-52.69321441036508
22.651414247786523
31.084109898034754
-48.09661174818138
78.60478346743129
-25.33637659164004
-25.3308647202262
-25.683317764605015
-28.72397492401456
-51.14219643392643
-34.2087397335834
5.263446924999342
3.2328212386238073
14.429602440689173
10.780866866426893
19.34690470460443
19.931396689603027
-45.922190983428635
16.783816376902465
15.60876751206623
31.252688502020888
55.513329731174004
20.831324769984153
-9.04929327712786
-17.263503874069386
15.317926501780557
-1.1151833039641765
-16.384392080408283
12.789415597510699
-22.520841551294083
-54.350161230562584
-71.15878427350462
-37.83969632740115
-90.43482644427998
-50.607260031999004
-39.89039432553861
-59.79208919764826
-77.83404209828933
-98.45657271534157
-68.19084082197135
-115.48931591890157
-36.336882668767394
-30.40356426775434
-24.333830350342918
-24.856388487695526
-41.45780631225081
-28.60387996069017
-6.292873145087822
-28.71974446116316
-13.176119694964958
-15.168081676020629
-21.88084122189058
-16.10995946957743
9.073130133978061
-4.978166255632629
5.881774887642077
36.57896220325222
-13.713915607964179
58.3533228251472
-74.81602997367304
-49.7398417479189
-8.141171881853968
2.5049686299205045
-15.487414685656377
-14.253552155802975
-95.0929654564527
-32.208360524974665
-114.51924048406083
-81.13577893594776
-208.38838849265002
-138.50968749187874
-38.33208485000187
-33.45041937669034
3.3543244212221905
-1.955697729989665
-23.213323233428945
21.97880623175168
-15.936232227073814
-14.789587862655633
0.24827975886401538
2.486402394466229
2.1498868144849803
5.240696658730388
-7.919052681257433
-2.3381635751186556
-2.872017987269713
-3.7589635005792115
3.417766716103139
-4.825453330488203
-71.24597428727591
-44.20797471395639
-8.474501603113596
4.813149112784607
22.95469490974133
22.28111139197452
-64.4095749787884
-46.45298464622108
-8.167853770425054
-8.655664696224207
-47.213720967697796
19.00952713717227
-51.80141433316799
-25.72541971361561
20.756874921857822
12.285274993029661
68.642030298864
22.25802942017892
-25.619228387240778
-32.19293176948104
7.623427483725462
6.62073930575136
-23.27331718678932
-2.9334053771820554
-14.36783927036573
-15.962874344919769
-14.341510008359824
-17.82525405508959
-33.97319795416618
-17.10171571223367
-5.616279623672695
4.458006860460035
7.375063105968056
3.3249729540146817
4.945193647265041
8.09565558988798
-40.170266890924026
-28.941599032922227
-33.31222251664222
-38.95689702468014
10.326528338862174
-29.183020335083434
-16.28340961022927
-11.584890528596814
-69.78952448975555
-67.43280429104664
-83.852569708752
-80.12160470383641
-17.298928159891418
-63.12045486299565
-72.22597354118736
-67.48363936942927
-39.30464631766832
-82.30047141020728
-8.31116311299341
-27.57225919452963
-5.4402625639592035
-14.847881419858641
-29.246480786536374
13.346857076531442
-21.65819976153929
-17.559709955179624
-13.110220945448846
-18.784854730941213
-37.28311014592813
-18.193931083747525
1.458422447041843
-1.7083917884177073
-0.5788860536327723
0.4887990463604924
2.581344057195609
4.633279339724077
-13.668548861045284
-9.55672090387399
45.90184937251796
52.38233647343874
10.831939086909733
91.95465579526821
-51.172041431600164
-25.743679216965152
17.27883112322346
18.752732893045415
-26.09925473655707
49.269180146360064
-35.692455267616296
-48.2499155601837
7.243069384269682
10.844392748377064
-40.79930415439772
46.094767007256166
-17.566258015897812
-21.875304175511243
-25.57275999281893
-22.049449676642144
-26.152391065272553
-15.618110521471213
-24.574364707559745
-24.503085077840847
-15.088774089491514
-16.326525038369077
-25.174505396646442
-15.072327570938517
-7.689072121529826
-9.105750696208553
-5.885823680695621
-5.1356089770040825
-2.7835156966224366
-4.894675792567505
-11.855702885118816
-9.064562464294541
-15.137365126187477
-15.259445256173914
-22.4538261603107
-18.01977481270327
-6.9488232114309785
-12.241379691873794
-11.763233101446419
-10.215670904401945
-12.951775979587659
-13.567663411713857
-10.002497795947752
-14.090966281732914
-4.599725773068998
-2.2930047808845955
-3.3764596311669695
-0.9161696647881925
-12.153085356584878
-11.860582059085356
-6.521861574651368
-5.241007831583066
-5.053790820582808
-3.5222428857690287
-13.584877611367363
-12.493681505070235
-7.642454411614808
-6.309845327874633
-14.368673525582178
-6.384923362589987
-12.280551677511161
-14.869185160067676
-10.232800779874772
-7.996907001710543
-8.32746357152921
-10.29278188727238
-24.19273186241977
-20.352345778715225
-15.021685647808502
-12.474893676670925
-12.759383199906367
-14.168526139243504
-18.961179323660232
-9.506180652889197
-3.836073646122447
-2.1076166359089727
-3.394875117562542
-5.083545638644542
0.0611790684218374
-19.75341820761887
-9.687527760429985
-9.047124194996494
-30.20729017169096
-10.196284157363067
12.122957815139477
-11.765371468928416
-10.35486446840469
-5.290806779949786
-16.717174795372152
-9.629887686155094
-22.69747133855782
-19.15613420201344
-12.1035790587649
-10.342770265519363
-19.95908837930538
-11.27794942346344
16.41249543087498
0.4066248511134569
-8.559413266857241
-5.166472214851163
-13.049863644378565
-7.489022290599742
183.26780663070613
-122.25194882718964
122.62208234775709
80.10077950047105
580.6635243354995
58.470665002509016
-88.05092034890454
-1.848895023593934
-88.95208133614258
-78.71439784491983
-273.4881888482044
-62.216047235717014
-288.0051500707523
-81.88054347922011
-91.96820889787779
-102.15378269836658
-285.9013870546899
-61.38266000528933
349.7812797149298
117.48559190538779
158.98082282483756
75.70076218657724
-173.33212323464548
39.581373757451786
-89.74538838655127
-39.652033349597154
-52.468266050889476
-33.33700392431461
-63.338309988297354
-34.05903232308683
74.60388287411921
30.592339961362164
33.47372758049691
16.44300046006483
26.913787582190935
17.252473443417028
136.67735996638424
-112.62578740867997
17.8111292681061
37.9500106569737
68.30670700898104
16.635558598274624
-468.34307332097296
22.280477784478514
87.10704575760526
-6.364236758824673
-271.47436909565954
19.600013313362588
57.300132554205206
-23.022055898026483
-138.24896660218596
-44.4814808611021
-197.63014700209703
-62.55007632300367
186.39343152110405
-182.78415920274796
-159.62269075815365
-104.91684846728738
-464.65204244312326
-102.19549560794663
-31.203422728802636
-42.89571802600481
-35.08235813305378
-27.254228270747703
-60.506132637445866
-27.415548761390873
-27.661046669340706
-8.491846252674314
-17.331427877373486
-17.40368051177687
-26.539134593349694
-15.021701090002605
-69.7971084452463
-77.48805472594132
212.48321461831216
76.41749894004836
422.8516369367944
65.3946770366782
124.21778614700786
-256.694291858217
-87.9245610640868
-6.474031040056256
-261.9282586170838
-2.7146086392492497
26.51151552837271
-1.3247785397833174
-270.28119883997647
-86.92070262772693
-494.3911434538677
-125.05898562183528
-318.97809023895445
-81.76093608763894
89.48294611727835
-9.454346763900718
275.2932148240469
5.207753368073767
16.118300797081183
-7.16945370806995
17.11771499338284
7.681364829509398
-0.17702489732061433
2.3115786102430205
-65.88694336123343
-7.793737186368948
5.394591839885461
-3.5099586468598076
-7.4367124926518535
-9.349900212386197
-31.051785830211006
-96.73555755867112
100.67486809847114
14.221498296432731
175.87919936094374
14.285687720541391
-57.1511685934171
-193.55725727396987
60.00154397539947
-3.396631297776646
-86.32090961771664
12.156806235642554
-162.87229374072177
133.75818961192087
40.92577735231941
10.17836958876014
-26.521277691482073
12.336737452560799
-67.99280722137996
-41.66697381731017
9.60806254570463
4.544451158834619
-43.284017146899366
-8.186180737046914
-30.119254374606705
-20.61435337068684
-16.437114171696944
-16.971074963246288
-26.930952621738914
-16.48304668441026
47.11638087740593
10.509813670696962
11.404327882721464
8.840605526054265
-9.883378426522277
5.656449699954859
-52.6243698922223
-102.361451017527
-20.72817092492007
-49.994893035747836
55.54713770990399
-25.984204833608924
121.7213077946561
-202.17014560119583
-220.07714911856723
-67.87274806863526
62.366689289128544
-65.26997006234386
-287.96317891457005
-134.4957518017772
-84.0631499255891
-79.97954002040922
-530.5471023450444
-82.80772254948036
-156.6224498801571
-19.006962790794432
79.475383425733
-16.1046318900504
205.2983410698326
3.8229842157087717
-22.30965715847237
-20.643946824565656
-20.390191617834326
-17.305100528585577
-38.139741320459144
-17.665646993434283
2.2027350734068567
16.90975753126226
4.363301677464767
4.046936927277974
23.07650577479549
-12.723487308999404
-116.1654856966366
112.43335586270345
267.3809184292103
102.55854985583048
464.0176730938888
104.1265244944218
39.059747011668875
2.4850082501631134
89.72964984188347
49.732997221809256
43.75297843926118
41.60349146692899
-157.74596558271676
129.3489337080933
97.45592418749568
51.1399009499821
212.33377274202596
51.09649253441433
318.2202570128391
-29.328054274698438
-25.097385201780778
-33.47864823884522
-292.4714071283655
-25.887338645422645
-53.29521060791045
-27.087737313438023
-15.88833946444712
-15.826164004797237
-18.82661688133686
-16.911860887396358
4.047651327856414
-4.339948456128392
-4.943113339547682
-4.532615069312721
-9.398117010920869
-5.390457879904408
-34.014642611536615
-12.728916917500566
-17.62179615011014
-17.88618861787504
-17.37757967431413
-17.79080107354538
-48.39364558744174
-12.520130420049112
-10.360061705094106
-9.496480222332945
-9.767412487254708
-13.166968860064829
24.461004056624464
-2.087518685657157
2.3954285559633686
0.3910593576387569
-1.9173773493430908
-3.0947975214258716
-1.253274481501734
-11.328700653898565
-1.0030761055762387
-4.270621671752206
-6.924552584555238
-4.956432709691818
-4.607626005369809
-5.600075900895162
-4.594569780089104
-4.324319201442499
-8.010032868134356
-5.268469078941555
-7.963998175960612
24.246775460532362
-14.844342109099625
1.6062131229371954
24.867842925263336
0.8182395969176703
18.939386951605417
-12.73759662122871
-220.64736486361366
-34.112278292610505
-99.28240158143382
-43.565663754380545
-66.4162727893226
-22.216413936279036
-36.222513754256994
-23.554736859232627
-128.75787967039187
-33.830937557336
-130.27458827004753
-51.33870004728395
108.43046759155362
-31.331636578538482
-289.70221558599457
-101.71866926387774
-15.411699406361661
-105.23181573027739
166.66862648771016
24.46879837754863
-3.1673986922106
21.27442835621449
-122.79576122386186
-39.31876596711279
-145.71859516190355
-35.64275057338368
-75.96064731035334
-19.185926526953736
288.18767402021854
86.12270090813062
521.9744300360373
107.92405769598898
188.96200868694945
-114.46868308956869
-306.24158828544483
16.019648661761295
-715.005241487522
-4.897518172141709
-1094.6374286429814
-741.2217698415982
-182.18777998911773
10.409539847880493
597.1881242396097
213.85890716150234
728.2835202145124
66.63245628539357
666.8804523565832
-72.74212168773813
-666.1476893108809
68.36790670365394
-95.08382907276632
-397.7949345349473
-24.315194832394504
-196.7109295980219
-222.08948873735795
-177.83473095321688
279.09523595860463
-445.83939933343527
115.11515211357523
-36.77554508507161
107.96224610355486
-8.520274297736435
42.735837013754406
-39.02944017585807
-50.8733657351982
40.94810648686983
89.33056438637061
-9.332342758857463
-362.2999136078394
-9.262635089519307
-192.29191352038347
-14.514567520158726
-722.0083629157779
-229.97685803044388
-1084.7350263025728
-235.22046995130526
-141.64622840009176
-8.59864752811066
498.4763577974579
-130.54123657005238
58.84836096091376
-697.9410357995745
814.2983476520918
-125.94235941994721
890.2960648317421
-279.3438016136681
-367.2323418552193
-524.8884903474953
8.12771115937006
-258.8779211357042
-741.3669718969821
-22.05227042802627
-496.44786714666606
-415.2175735454722
-244.29045829505904
-93.09126433351946
-394.8573682656103
-79.26526025715198
-163.64466288563327
-73.08289737948559
-158.2901468604143
-11.116580731998729
-513.1504428386539
-117.96906657996986
-314.99693974046784
-107.06365037856258
-1445.0155232812556
-3.2787935569192213
163.07940147050448
454.64504849553356
893.0168987908025
594.0261961954458
1040.4845670355394
-159.75669751761467
-1030.3938670119014
212.97833558953027
-1524.9879909923147
843.5223065043119
-141.735276433425
-176.72593050998245
-443.942831761547
-253.44662941702626
-671.325389746167
-527.3851063556667
-59.26965641674591
-134.63318361836704
542.3666469215262
57.150785645693745
946.0029325971783
-225.3118976774594
57.58092809004867
-93.77091809531056
145.97376789826856
-38.95096376439576
-268.0238155960513
-176.23173772621794
-212.00261846595572
14.936344683674994
-36.280019647504126
-31.878815918241838
273.0112863896089
-15.88182358660229
794.3256172568744
-62.795138668067395
242.02658071102587
216.5063241365298
275.5226640153887
-371.1697914402562
479.7504510921472
-138.38243905880188
-708.4791722033219
-307.64240803247117
788.9107672937996
-760.0124340754016
179.44533741680294
-84.81460997081746
-845.661181218249
46.04857381635848
600.6329185886774
-586.6291269462014
316.6448829946891
17.847888500386993
-743.4190314164559
-302.7261230875917
-1331.4247503899094
-719.5659076779247
55.44924206500577
-36.507956727919975
-119.0398706032743
-12.037135668022774
46.51575355125666
35.0451687362716
-8.818429133726164
52.34255310241079
-105.59263827515946
-19.30154302434783
-166.68771589705557
-33.62035471564974
-1377.1654309081737
219.08226590376762
-437.2525062135945
-168.2626764875515
-1224.176375917399
-914.3569429616787
-391.57781541317956
-18.60002770533958
-1520.284304893206
-228.61972114239427
-1356.0531674941128
-334.6818224818084
-1288.178760646359
141.04613373954464
-802.7814165560848
17.012168677217158
1086.3247960573972
-821.5094431273418
-274.9230948352562
-125.73421663136777
-491.1287031443157
-164.81691693924145
777.5811618978793
-620.5125952938475
-44.453509506462424
-40.86484682234749
-159.10488054445844
-62.2715511152993
-321.5060311643518
38.05858537132839
225.3963683775027
58.99190054488635
307.4403404819663
27.520762376964583
-220.44010541701584
6.56212551293477
-334.5930993547858
191.2316558889957
-1118.2787798008726
-154.46018277772802
-499.18641317096257
-552.2575908044583
393.23596506476844
448.24647988440756
-1244.958430573192
-251.31644314829424
-1134.6958850471658
-579.6385956016885
327.27287472645276
58.5425666619448
954.6477337325898
365.0861611186211
422.25304340671573
342.1372411156347
517.5094161582828
-278.3169634764675
919.3427953813571
-128.50655019376882
-852.732163671359
-27.805119531595608
-27.000028497193668
-27.15679616620455
253.14723091820437
24.68507242230034
143.1573259412622
-26.367524987607595
-24.828205981406473
12.170415580991335
-185.91490394454146
-20.410093454175914
4.374458656058707
-27.73996497925367
-139.50996808715703
13.020574790629107
-60.712904429846915
-2.630792236257761
-42.46717293005096
72.71508124741021
-229.51881151607992
20.578293548243362
7.190670143781569
-11.80289916988782
82.6171431434182
52.47938285370417
1.768964214270978
2.897865688680818
118.8799319273856
11.285678251406303
-41.68792841365938
5.919493374018275
-175.14863333401033
-89.20051549447665
-1.5964007367085906
-71.70900998442492
-183.76268360824602
-181.08750330414196
-210.93395373940098
-100.26516502387476
-228.06567669063733
-18.38869718912993
36.38071472758324
33.27435791110518
-146.6132979796517
-17.9978549581714
-39.054636729566816
-7.432120946435346
129.90788202685425
-17.427500272493155
326.48572081073894
-124.15064702235931
-254.2099963800161
-28.23124660699952
-227.3567546119227
-33.174547078322234
68.73184354274605
196.73695109121192
-144.70577025779002
-47.391596319754626
-137.41988710988656
-57.60214955893664
-372.71328126356656
455.807842456984
-189.12725228284683
-90.74785574499631
-308.18069433790106
-69.08083305355937
54.82678461398922
-90.675218737063
299.0969151541817
57.81367472619129
323.01300517309636
20.824887422767997
-611.9113146756123
-132.92525034932774
-150.51177980724054
32.743867326505665
86.85734849975299
40.665584957603656
-1018.3060744550526
-563.935428390114
435.8680483354365
-145.4383490892049
-411.5938922583979
-85.80961865287699
1196.4262752001052
14.407348795528515
928.7029843060883
-160.34516248571467
1127.2222326376327
-32.34561762206957
492.08870960340454
114.35180407418049
9.466887769511755
416.487455866988
-114.06553465075257
83.14748584929848
-350.6547374046502
-248.01314623267686
-1209.7287489193295
150.11706472969402
-541.7791667996506
326.8262158863829
-747.1691490681401
278.1401473042777
-359.6828654254379
279.57044515679723
-775.1854790939897
272.7278945948081
-557.7536980873887
-162.22968851800044
330.5346828519357
-32.48242953031297
142.2742906798411
-23.793565345567046
361.517328774746
471.2673185511211
-73.82928469077861
-65.87321660406663
-412.21545923922395
-19.362111699687635
483.00081899365085
26.282760982872162
142.1096994538641
-151.50016163076822
-139.25006698121268
-162.77628873221346
496.5112069066573
-20.935666285301313
535.4257266140955
44.91749628764811
-284.3855082725562
-46.222890736711406
-657.5661155140226
-729.003005630697
382.88803036670004
-215.73542900542955
-686.2341991915628
-138.177003530229
484.95772156669244
-186.59257408096434
-417.4971055300686
152.7329121235184
607.5583413683021
89.35595614764617
241.94373966452198
-179.17527325077253
-156.85522195669228
-100.13537827951268
-127.33091365820579
-136.29198463420818
257.12819138113906
-295.3559749738794
-234.60495270502642
-171.26005457228314
-143.2756363860251
-147.79634156072117
844.419029603091
-39.199978907583
223.0320301968947
29.702371008071626
-363.77088766689985
87.89082284160995
164.52044639938765
-142.19798847677836
930.6064351834377
340.89586991982304
580.7617696092755
392.73346367468656
-644.2423494284932
-66.53390631802286
-408.3480574709667
-307.53065173328264
283.06315665671025
-288.67829441231
-688.5238606558979
152.41656530473566
-93.38958849726623
20.769009732411384
469.08644838166737
49.42804517615848
-273.9127828675499
-425.42497432768687
-363.5588659375315
-188.03161728455922
-333.6182053822571
-232.57982313194287
-321.35100272817044
-69.29801575268286
224.84187346043194
-11.040852426631924
86.8456922421484
23.587341512717174
335.7405106638081
-308.17482341743727
90.14815230894632
-80.3362112668932
630.2213651798156
-120.69928731048199
-30.382655606855234
1.5515038419814093
-642.6429548806839
-67.50749892829091
-452.95189256227536
-134.74688621965078
-669.7114555789107
-260.31071452983866
-431.3655366983887
-7.358371629183655
390.6982145481942
-157.34795349339683
174.5345475210427
-445.0159302958576
-381.13857053793276
17.123922689079148
-356.96065832078233
94.42986429802433
127.34440516010642
-300.06920429643503
72.07942336402823
34.557186296247714
-38.42610346408569
35.20392717980008
378.01227754981716
154.68143145229473
162.80366224627414
-88.02615304089296
114.35319280138691
-83.97137088091556
-974.6725742362028
-210.13126149979584
-674.0915243713725
-156.11494468491284
468.12576660127337
-223.9712470269206
-12.005197496193665
-32.20402246126302
-109.92786752991269
-143.4774202385525
-416.22522704356487
-273.6671909269647
-1005.1397138812265
-671.70444611543
166.58078167072765
-157.9717707913783
685.3785752185722
-384.53879185647594
861.7517474597206
467.20418324664456
-326.5587958052276
-245.00532350104095
-381.7712438617269
-244.78043408487747
427.7702909103062
-118.08079810173675
-225.8369750846707
45.463263139428435
-382.59482514471324
84.80650287129049
492.06009418044965
-2.1180411561491663
-238.01912474225483
-22.050645966466217
223.16139544251257
-44.86420538731801
-425.8220137972415
636.7167873646958
-745.6020773405795
-518.3160803180556
-873.4389209369439
-481.4255107246387
-105.09053581172887
579.042714763414
-407.3482749036462
-449.3888520436361
1161.5077439410607
-404.9201803250155
504.6390499669921
270.2203425536847
145.07601770486994
66.79432737868122
-771.0430850974664
147.95654720999482
-781.502640942388
-750.8619075500694
268.8577888098005
-318.2054013959337
220.35257735526608
-261.018930070884
-642.5872597332952
-59.92232375391768
423.5759459562902
-69.54488390652857
-140.20067556229094
-88.46184548800521
-720.0728310254343
67.21710631224543
-40.46277801540596
-71.14892076405836
145.6630957072338
-83.83570185409039
-497.8235671115882
22.81433040058945
287.9132100045071
107.24893203347783
-113.35120132187694
94.85672330013735
-405.0368770621318
-30.960934603773037
215.2751353818575
93.27299876543674
214.2987522462046
50.51273872995915
-454.95863696718766
39.76355411173584
55.055081853099956
-5.3220997184163705
144.78692186125096
5.0321039046325495
-698.1948629484936
-516.8892037533332
-474.90604079237346
-156.65478069573007
-223.46657085990884
-149.05815765173895
-474.37680834127895
156.55608196721795
-94.596584443909
71.40420328434885
222.23632780315543
67.26808327585944
705.2847701906804
896.213251891308
-430.0197137969462
36.07267027674865
477.5687388681703
783.3036604967907
1219.334549742651
284.5365481204736
-605.4032776731353
-230.60551204039038
1350.1922154917934
-594.5186046092887
-10.939231098772003
291.0288696720844
1659.3433448244953
792.3367927383351
774.5464694879818
319.8272286256979
-374.98960348140713
941.439920690708
1028.6090325563682
607.6154971023645
-680.6645089974921
-253.79849174279371
957.6945522291328
128.6974312833263
990.6472379183441
-156.76010821615066
372.51178862264067
-753.6143909975057
-804.9822668471413
-627.5656300010636
1020.5588835215933
-130.87468986571054
835.3929133493414
-328.2771313694112
778.6792435141466
1004.8822541357032
-489.20515454109767
24.117368081330902
766.3704584027342
-303.1829463336236
682.0976097592509
1955.076693060651
1617.5967584632845
-255.48602589503852
1163.872457809653
397.6712480635362
-1062.2336430701025
358.2934643237254
2044.0864646018274
-313.2081861193558
380.2468761788392
346.9832711023772
874.0326474374689
-1371.2374187045834
756.8852339780724
-259.16853312384785
1164.4519493969817
77.37995819366408
-768.2816006669182
-457.34435381354484
1623.2899426825504
-546.4632154693963
676.6778592056439
434.8077107059053
-1290.8020268632756
1560.0983643474908
-59.31724961861731
-646.5003784606338
-773.5920790670295
144.6172369219328
-13.603299753225661
1129.5414022172079
1399.4768988533247
107.40645448734499
-327.5931964491085
111.6228752607648
-1782.0404148311009
1622.6999481374041
1784.248073489347
-699.1906672647357
757.3517636094764
207.17981901991536
927.6923918573165
350.3930379742482
-1852.8950317547599
-1171.3743795661865
-774.8619233058915
281.5764694094001
-1782.8695982715856
1949.615683937695
-1381.1342294593287
-1246.2618283556294
1578.987520729545
-927.0677077000594
1804.7568672029377
2102.6718557837453
-420.2945041785455
-613.965998181306
799.0285445976147
-612.9449838387425
867.9818327920098
1178.4818869679696
-860.1022132637412
494.615674391206
333.50509857020376
157.22597186791694
844.9980326977192
1747.1462455440026
-1621.5389169738173
1091.484298434044
34.90152943837391
939.3138056950252
-736.4677720230774
1825.754043094017
-1876.1084623010724
430.1967917381552
-1787.2160278132885
1421.9654170941967
1611.8047614903749
-2134.8212283662024
-1474.1107835415737
1197.429008732115
-1131.9996631105564
-894.7385042606198
206.030551371168
-728.7284828887875
-1342.2698091355478
-1111.5680322373855
2393.421922846641
792.3754493191244
167.73533723011468
-1004.1721468828258
-1804.0746000925963
-911.554559202492
216.26524810388977
121.41416729704342
-1669.5366953284736
-1457.4494531874527
1474.433858304561
-1097.0061223087057
999.6891511697017
-1165.9520131874924
704.9437667307413
1071.211502782115
-1720.9532114615233
689.1862724778501
-1769.7115074994167
-982.7215028659359
-1303.5653551712874
-350.38662312723415
696.4288292481722
-98.72491578870655
-1146.8817322927598
-1104.1769333617142
2433.458061633995
-1122.765137230963
-1155.0652700244134
514.828001735187
1376.0072795192552
1970.9127776293092
1219.7113240529036
-1198.3511470640894
429.3751517162101
93.38840564568137
-1756.0604280631626
1955.4469208461642
-1002.2139995746113
1802.7381355274222
-1841.172382133785
1480.8539997687863
2034.2580414617225
517.9952568600509
1300.574668880545
-1108.6875278020366
29.33481292826455
-549.9188067090272
-42.18367876478765
-82.96711551662587
-1387.792611388061
1445.5282200222246
311.57045985871156
-795.4970649317984
810.422738446419
-1234.9698191074185
-320.2874819051034
-2115.741193117112
1072.226909634432
-279.745868149447
788.3320535769323
-1538.34516972415
-1463.7385333751695
-1865.046821045413
1987.0527938366274
-156.40724843246198
1916.227646845799
449.0619254551737
-314.8464179046839
2184.1115808863824
-1319.334426083027
1288.8914818895823
-297.06480990222656
-433.8694879563828
1035.9367285028754
77.42660933535508
-1762.744813720378
-479.68317875248454
-1787.5716566685842
-432.3994613726038
-131.26091430906294
-971.6238636376382
1518.1658213316848
-144.04293138660427
528.8581093192244
566.9805293210536
-1438.175785672429
25.637519410202305
1147.321187238169
-5.577428795348132
-694.1319733317002
753.7094690193957
1749.4223648502646
-72.03223992559347
1608.608489221817
683.9639914117076
-565.6830178078884
-320.66607661849815
988.9409962452929
-1316.177752488573
-854.6672104756254
-876.1553666098645
-2161.1884998206133
-1015.0806239697141
-1100.017267712536
-1197.6312694655114
-2091.7143207126796
1346.991097580126
-2028.341826853062
599.2381252969999
-305.9229309652263
944.6872600156014
2265.4531712848902
676.9721085272064
-1899.2359257997387
694.5965998756441
1183.4889446626544
-1422.2409259009678
1452.3457536092312
327.5033569516165
-1435.107685292913
782.5509495101069
-917.3905813558897
840.868009505467
1311.8745506900923
-313.60903486671145
-826.0968734834535
-534.6886339651024
-813.2463642363227
706.5299930790244
1131.9109301828405
-284.79998351705717
1531.531784851028
124.46990934574319
578.9907119572034
4.487014950843538
265.34090452630375
224.35560744405387
-246.4902338658263
156.50880980250852
1622.8912388678018
-219.7004350075634
655.2518154131868
341.093618659885
489.89041423451675
241.22055691489703
668.2977575175074
-1537.1218615607947
-1361.182596774267
394.2913125402416
-309.6652757458517
-413.7781710642759
152.47424187022494
1169.801843218112
1041.1921665143277
255.9085873945656
528.526499253627
7.360009055498854
655.8900675916201
809.1128272564089
1146.986021716484
414.08326545120116
-382.76977225894944
597.7014336176876
-6.107325313846367
823.4055722479459
338.7562745962529
-83.12819698386103
-0.1339531916164468
-184.18456812141537
-4.944874516720182
394.7873406984685
20.907822033244678
-5.26069405818013
-155.99260127050732
37.01853584902256
714.9403279830275
-132.73786128997583
-181.15811849383874
460.6354738001552
565.936364644867
323.35281852753377
802.65668787462
-265.77563677939474
7.78558589703265
-53.29776760958979
-878.5750958689482
-364.4607099921745
-1217.6097205949704
-1246.828890884892
-767.887774646391
-236.33804953904533
732.3136257015764
-43.13978858309967
-578.4311978326307
-14.527091053033015
-181.8991479089556
-177.0032854641262
-10.925289050293273
-108.75758982074508
-961.2239588545166
317.12444407321976
-671.5980624849823
89.2744884218303
-552.8251845138791
343.3700890129724
-640.8386202718833
406.12580575382265
-3.222881386736269
-141.31139396327194
25.243613914948575
146.38225415183854
-844.8173690177473
773.3462220252986
790.8474068212563
210.6287503371389
742.3057753655573
524.7107496887887
-414.9782673278894
218.20669970365293
1075.8999263904454
293.3314187026412
770.1838540097018
41.21364320142367
-361.748853081991
-899.8205590010795
89.50563248798699
-581.2767050971581
-861.7637278684315
-529.2471204624138
202.52741180010844
729.8338297058262
370.82996544902454
-116.33767249719014
445.357892957039
554.7454814163679
691.4535230559472
-788.9614275928119
-1508.6223187530384
446.85688211216916
-845.2805978745823
-984.1909744527132
-1463.931488919742
1208.1325389817605
1453.012334114747
-932.539651384611
-283.9582484691789
-187.00692635191362
42.61969722343204
-331.0171282798133
922.0036012604851
199.6937142481763
-906.4236403499194
-391.85093649027795
-742.3039768188227
292.85979072288944
150.95211393222726
310.0021453476696
399.52704397849476
619.0196646903916
-99.00105283808554
847.0457722526257
-427.4050627240517
-82.69419131335022
69.94312041986362
-372.10100367939106
-610.7829726577727
523.9579742504998
1193.4173923531648
878.6543665311649
309.32271433334915
-145.0043430908001
-42.03968956596801
1227.2393887907137
-698.8267992416598
-242.60765394318955
172.69775638318444
294.6075961911364
-2215.015774756367
-1461.411857468078
-857.9135682191451
168.86136602954704
1904.198076137173
-410.45070001494474
1605.016664125744
-248.15455500878085
-1683.5114432860037
1318.8651229075706
-159.20256492472384
627.7865933451664
-1527.5474822885024
359.6436575814571
-939.4505053739305
-66.19525187719539
-5.94181233613001
-874.5397003728176
230.04043069132547
137.39122709919823
176.95995685315899
8.45954241540658
503.8161990427727
-501.20241399631584
310.57088642201535
213.16866015700123
945.7926012849595
728.1001067252134
1054.8093243425951
699.3388477619098
546.5858735981183
-429.38423501703494
1335.0678256982649
-732.5363271515
219.50363972009015
919.8979654593938
-203.76369433733404
-690.6071776683095
-1831.0659311763143
-908.4573775606791
-236.62490558134547
-1626.3602105103037
663.5208595083035
942.4250186460206
1209.833579871512
353.73743318125935
1775.0487297278082
700.6481482236286
1093.341305997451
-1519.982592552993
-650.3707147423021
-944.5913769739648
1494.5720948201615
-1601.6429799187802
874.917416464844
-967.422170409483
626.7938260368758
-549.9006132774473
861.8998447726568
-370.99341519751226
-1039.649957771618
-494.12936724571813
-541.7014804534273
-598.6637975040708
-871.7722949203967
-468.9622414979362
-947.5150009138347
-652.3440116845112
-202.9257227334953
-259.4821957560958
-130.32969278013127
517.2124298771369
-670.147845570532
666.7122446228105
848.9132146399099
103.31803941192268
189.87178148884448
599.8464155654287
796.1939132666889
-323.4045569101346
1866.6227893834493
-425.7217630155807
1129.4109570193627
613.7280648256328
-948.3577629184841
15.673807687182174
1038.5971366827755
501.87635934220083
-910.7063188219907
115.34086878759541
1044.1448240834932
-870.9272399100005
857.1465544701219
-45.14268848046699
876.2737712324036
353.043432660323
-135.20046049849554
-884.838091116244
-934.0091569423844
-188.3201177849666
256.48487649413
-126.58708226500798
-209.69433248851965
353.40033784228
816.6165254522057
354.8173321561656
-190.92947759103617
325.77734572723455
366.7962270109726
-236.18692810312035
-50.7108909615331
-449.4283356351381
-869.0371424793487
-422.3998408153986
401.81885956264347
-305.2363344908315
-178.6440579155222
103.79757637237374
622.0547141235832
151.09172863840146
855.0118069606249
-153.37476157688172
361.66246611690855
-245.50053934190228
-1037.6578945939514
97.63262042051625
407.7899354473609
725.7133127716506
-47.07276863181956
433.5330351922578
-527.3166888914158
284.39110036778874
662.6951223761241
-342.865294580324
58.85261720936783
165.46099375664033
625.6253364710964
300.55908668065456
-807.5536674960787
518.507865102212
1151.4693106302027
-70.1851535956618
731.4942905039793
415.30558335809377
1018.4015043916393
-681.1799993648979
822.4454567826922
266.6407795425154
902.1913496668343
481.35546408673093
-294.3926962104682
863.3792485008239
-334.7022503400785
155.02534158120577
-23.52116419034362
79.16530684432993
667.2245200438115
454.60147883054054
0.9538252152603484
91.42214070887947
299.97483063450375
206.6138927045021
-308.38591362535607
-210.74286650446163
-103.41217916668222
136.3695800179405
-357.31131026357775
199.6588747840336
