943.4672527531778
1224.6633016075516
1059.1042284003527
997.4793662414928
338.1529141467657
1346.3957406002266
-295.0382899110974
924.1103006015051
789.4992627761702
658.4455905460852
-13.714566702296601
930.7086417911576
-325.4047400377866
801.7089774594081
775.4952720285568
697.460057001748
-378.6276078299317
696.1768904179526
777.283885165069
999.6435092777774
1013.8074503314366
1014.7973761094156
-420.2418599802821
1200.9395380343299
739.0344911258986
1157.7245218924077
1049.576847967741
1034.4659752227524
69.17652881359759
676.0224803949395
567.9335118557151
1087.568536222943
1025.0384574295128
1124.886649484257
-1106.5138485361504
1056.1213012671274
143.68747626027124
1333.8530440126779
1350.160859886995
1344.925894565107
276.6736490207007
1018.3028432672512
1701.7735259688984
869.347181981672
1459.568364576634
1450.0826131782826
1207.6166360116617
1013.3671431424128
1051.6829521026677
901.7245170474262
835.5849329176981
840.9907779381318
784.0385609712105
856.2383353313953
1345.5402179188015
1018.0784897709282
1141.712447043641
1152.4322027643664
10.479563808483768
822.1886098887702
406.73161104704724
1161.0204770952423
976.6788873145945
943.5005326208719
-126.10350436891942
1105.2132157292494
-38.001389964701005
1033.0246415159666
943.479479652
1001.2636740386654
-723.8133768198803
634.3445412867801
1838.1312225785712
1293.2831570607186
1558.2321029339962
1486.3171267277228
-63.93863137695511
1431.1239260229609
812.4595657234892
960.0561946850717
1137.0776936472375
1085.816330434734
713.2483835776072
1306.8294690061343
291.2990959303993
1287.904797703004
1233.0639412297824
1041.0366686559908
901.3863304228084
1096.3347279760712
1018.3162619686373
1334.704554956779
1187.8482996760467
981.9703326673153
1121.1155802462363
882.0602010810418
485.6943775491392
1276.0182352050308
1332.8776583756642
1299.62640002621
1544.55596441084
775.1953038300092
-341.0946685370399
854.5846015708029
665.8552652886356
641.1290891941588
-562.1394389246334
597.4548053039508
1401.4381781186069
1046.339908814411
1362.658798314889
1316.891594299617
1625.4277776902704
1399.9175958612989
-151.5699608326041
1090.7180639078183
976.9590354358792
986.1275712127374
957.9234507272292
1172.2327938063454
681.6002176593383
542.4981515344314
1172.4911702307238
1141.5328152835461
-744.3660586298337
1344.5134395175874
-104.04273401155174
1336.0494734877275
1245.1211105792374
1070.1230364985513
1248.0993473794879
980.6236277226021
-104.14245061112535
909.4555157649927
957.0931663766572
923.819664076983
538.8712655605209
807.5921774844269
-492.4930127769471
929.9091887499119
869.3847346965797
858.5221927258026
424.3563451493392
751.6444413258798
495.31810676291536
1045.343954541022
865.6749646375785
899.1066189355741
-234.70265265244166
871.4168469395091
983.0210912879883
827.99680989441
761.6577858739003
746.5579607630502
-240.25994481036042
870.2243885015267
-269.2599138380066
816.5209607029931
1198.6096335963878
749.6003143035811
-258.93720274343576
1346.8185419273025
708.5191520335261
1291.8676842540992
1457.3613670712127
1184.04221424563
497.42451381708923
1317.4663354913591
479.50043876255575
1391.6505464571214
1213.0600456518666
1268.0051002242287
250.5448146444164
777.198777642569
1530.137884257922
988.77270511223
1337.6451304418183
1222.3283739123656
363.8086352531962
951.9833167757587
978.617165721969
1081.7475136659189
1146.2531562840213
1064.7737371978685
272.7378488359713
1290.6182657183163
1535.3840896612696
1171.6786148332244
1306.814936334963
1273.3011408771672
1277.6290642480594
811.5164517962239
1181.0249059106704
853.6918550029194
1026.275954635981
1018.5337025582799
-101.1255844218437
1219.250691565871
554.8448545176841
671.8758126160957
999.1577819483165
980.2196962918417
341.3518159595465
1336.964438936468
1144.9015828371178
882.1238406652076
848.1318288187805
893.8681301656371
731.6164041572456
1037.9125815072864
-17.355546334435132
1086.226782495509
1013.0450675815753
879.3193705375616
1262.337638696326
1161.6105041700512
1504.3513970422432
1069.8996428340745
1380.4823434056775
1363.1778421955178
424.9538207148439
1201.9466036535048
-460.3131911134945
1067.7063265973457
757.5127071710232
791.7710068359064
-322.4774312739632
942.5964249178095
732.2767554121884
982.4343371663741
1497.3920277150523
1387.722850353777
1704.8473406078015
1075.4249456974285
848.746070171066
1315.4627998112212
1097.3486570583675
1082.991477678836
610.4345164449328
980.9117622625992
-47.31454884509907
1125.879670629053
1548.9749776068675
1439.1420656385558
1718.6319477578818
1110.415974380049
186.6224804218378
948.1154672197658
766.2065541630953
729.6661016156202
-76.74737947228857
932.0890955527358
-412.3432532012132
745.7751210951061
578.8221357283712
566.4949726903009
-1046.1761761667724
373.1380787425738
170.75693275220735
924.9751696922106
884.0537683745446
847.3143432182281
-307.15577254172234
990.1237839988452
1590.265590387262
1295.8939726779026
1343.3654165331395
1286.7104631864433
529.2038348064988
874.351979651946
-31.52350092768757
983.8316869826654
864.7386676503246
818.0251094382063
-364.48160969567755
863.1909638533398
1375.7405170652596
1237.8427113041246
1199.807866060131
1197.3068517115785
572.5704388048837
945.0174828867606
263.638889003855
818.921962524205
768.2213761296799
714.715437941761
-551.114577304092
889.1034003466497
707.8096639659443
1214.4226731328151
1338.8733492474425
1299.2122701669728
1655.6164652666903
1262.2656541162473
1142.6952664135836
973.3002738655957
938.4422122687265
906.7344188445182
694.4805275248257
874.679898140875
-147.96675979300247
840.9174658455529
735.7957355355392
686.6811959403261
-227.90758043323194
679.5620654643271
1392.9686643962857
1112.0048479174109
1296.4092398434345
1162.2969919430825
835.9182379677007
1157.4388862846206
648.5775771638866
835.9206636217183
811.2528103434835
699.1518318683189
777.8026737408081
761.2360912589987
1290.6626640660004
1004.9095491419973
1135.739304995171
1044.0699383685117
-161.7963422255577
1041.8518117582387
1271.0937280863327
1108.4504194745814
1148.1203504628254
1043.9146767033158
907.8216878136939
1050.8195792048411
1260.518232598128
1009.7066174338914
1190.9260644045028
1070.3489231985882
781.1536798376436
1091.7064567456202
911.8639427096973
1107.451831908867
863.7410481451724
855.9999389376717
951.9917917479202
849.6061524891209
1008.9554609432591
938.3571778186421
994.2994494733409
868.0746351387
524.6144442694311
902.8788699445305
981.821875345936
1047.8541127063932
1106.0613347278859
1064.7933871146845
1341.6347790831185
1060.8172545775524
776.7981539436548
785.1821016034571
764.5141025972604
659.1693934831452
207.1541546608903
698.1190195178996
1523.2268606971197
1420.287525788139
1569.7808602107611
1427.7642983368178
1752.2846592810479
1444.1031657288652
1613.6149410836624
1347.3524713918373
1416.4729969955647
1267.4433228044861
450.25899002189766
1234.4234111686271
372.86000571729096
1321.721632886139
1316.6056740902561
1079.2519985405186
1199.7901961548164
1105.6375765314424
-62.90561691843766
762.101161362538
993.2503607432812
918.56362486263
1115.601621404579
947.2544336144932
854.1358781819303
810.9571980027571
964.3139880891696
881.6388678885473
581.4936373695281
881.0351952700764
-82.41750128877086
737.9765044055766
569.4915464957636
619.0627617319095
776.5642667152999
627.0558656408467
1564.264018779007
1246.3639460051438
1471.3741344092064
1388.9855567223267
1744.9454382880444
1365.2845230220653
1296.3654469669739
1189.335586200053
1169.3007666168644
1138.143350021673
1453.1025780855034
1098.8737861745985
1601.7080167000163
999.5413677867793
1413.2088501629646
1290.68613508378
472.5548888478091
1285.2344983009332
940.9830468623668
1194.7274201668997
1130.5816412659144
992.9602430685187
727.2788257699232
1017.4860548350565
491.13806225645124
1023.3037846013967
779.3747881007864
809.3393412441167
431.9659213964736
804.0559918047488
927.3468454523503
919.6017649162676
846.184050056266
751.786664517861
137.89330135712132
762.9611645788566
1102.9450836050867
938.3798600483254
855.9550722839749
866.7761303786641
915.5256593122654
861.6222916311561
889.4625907939329
1071.0065481303036
801.2161385744214
862.2911429585131
939.0044858691233
839.0502595032876
716.5379695114768
1178.8787633485401
1374.7464384496527
1297.8067634906974
1658.1902732825254
1265.6083740341041
1303.7789538012105
854.4011806756869
1366.7854722238023
1290.085818864635
1645.6660433227635
1272.093016815611
113.61790091318379
836.1093162111996
951.6692130188055
815.1603282870454
446.933514688395
887.9561803204598
252.35237299224977
934.8190039189761
1179.7118457638383
1001.6577421244276
338.5351517045417
1049.8244725858622
1557.290430705349
1311.3609123766043
1410.85203351899
1249.2112829531704
1267.600341359203
1203.4739444575478
958.6561833550018
1028.5938440399768
982.1224897686998
867.0732896375887
719.1633136149195
913.3330024451382
1486.0099761462527
1092.1250851968578
1237.5181950335004
1183.2106279840423
1204.5216627529846
1141.776709248648
408.300353701535
1205.4481011380417
1332.605050575046
1293.9654404801151
1633.4476127398054
1264.2483043001935
824.4301950401181
1200.5030719094475
1031.8394874904666
1016.1032117474423
1291.1914949443621
1004.1956349145739
293.7471906690922
1102.290176189428
1167.8900258499596
1129.7708034714053
1436.900140567625
1111.2451956058014
1469.9951741610291
1104.0511836347619
1347.5490284899815
1196.5343795054364
366.615433055295
1205.7448212202867
1180.532752078777
1118.9372462854137
874.1019730301127
939.0740981287499
883.4891118876471
916.6527065374198
1337.7120181762018
1117.3544415652964
1228.0891148426408
1115.1170499990533
1302.5486491768809
1164.1851140598344
831.165790728084
1200.1389823624454
983.6145634785566
983.3967257294017
626.6893636941397
998.0524038459174
733.4257434880484
1087.6029498248502
1244.0705792632093
1170.1686674432117
1384.2272380076179
1171.3347288467346
1145.0576328419336
991.6752403175179
927.0081837102487
907.1662256953357
1106.4637832566593
873.5198112571287
329.5213225579894
565.5735491019648
396.87604387825945
403.22348536446793
56.55669224065568
459.5354495167468
1195.6131665745759
938.1348473638864
1047.195858532216
953.7576914196061
212.69921327340128
932.4058199631476
544.4590603623138
1060.0121508421369
1025.2991146189986
923.257835867368
938.9785294183345
955.5720407970965
262.5944057929806
1079.081827225159
979.7678666509956
854.7089351055594
498.5812159879885
840.657727171858
236.2926340551448
1114.3804192222087
1087.2096271938224
974.2033310168347
164.86142393207373
992.9069527592599
1095.5150702382007
939.9552113223534
896.1474651699577
850.9552115998591
-324.09551940176823
830.5356156713995
710.4548154292856
1226.0052215841454
1341.90015688879
1155.8011142783307
1809.2233126989097
1730.237156376053
799.7457616588177
1524.0807118431107
198.55001013238694
1495.0420204181005
1705.1235419076806
1414.1376588248863
-1731.9460654641778
718.3661877981488
2001.538899425618
1858.5649705481717
1959.2811527148408
1494.4919196938679
1443.2017613999374
717.4108939018066
-1203.5370630121095
485.9624640698279
-1278.165674869463
1258.02714445152
1820.186929513562
903.4892649374631
923.5261046128012
1430.8818439096556
382.11294232573033
763.0592137766686
1517.5684935415923
806.8923080748079
-133.0762116115998
279.5133433909001
26.21591133028982
1205.202519885922
-1295.4066334199285
1532.5367123414565
-561.6070229007375
2096.602780883023
-1474.8181478361228
413.0929102714191
-1825.8024371332122
81.29263418020537
529.3616441425522
854.1503016654058
2204.112845181395
231.91946592789748
-2177.347745893997
833.5599745027549
254.90702566823813
-30.352266711594698
145.8895300838866
746.0271060766934
-597.9825943868889
-1183.5279733983712
893.446326765843
463.115099757494
2165.7844403423046
1434.6375797653916
1118.415113138972
267.8546864306039
1895.6189034050171
316.114455042782
320.58837579423454
316.0715296650472
1759.854524124254
1040.4033798227642
1946.103969913056
2147.1568325173107
-1158.079390174043
492.0275278382252
2278.590238558802
1026.0188260121377
69.93732353920922
1160.1787757743803
-1057.1137172115475
1890.1256621389173
-1342.461299600268
-1833.578804671357
963.9537268988912
-2171.5823027459064
-1482.5684376233305
959.4088552690004
533.3753987811273
-1938.0766245577274
1740.2132797366803
521.3861492962474
1742.203889298561
687.9724192287956
215.33132534305696
-1006.9686847887499
530.1288541508619
2128.549052939214
-1287.6941298937206
361.3260335954043
-41.64626204772759
1638.5584671078466
11.541814551670214
-905.9126617751061
-491.9252581593786
1534.6278752910841
-691.1674280587268
885.4914507538219
2263.484765095395
-917.9268925079579
1820.1275563279264
1036.4307713509434
-635.1377227908212
982.7091842490053
-367.3668407387571
-1282.1257474982228
-1430.2676017279143
881.4311031648061
910.0541338417263
932.0582742410785
1329.0025257930974
1668.0145883623873
-670.6020088446473
695.7819160463471
-2168.116815427035
1240.4504889468292
-499.8006300712964
-1519.2915771500832
1331.4388353937072
1472.932889833568
933.9025704451328
63.66999543342966
-1422.5846034667127
1793.8620933071097
243.28301134386953
1613.9368743630462
1174.1192411447628
-1128.8005945114217
502.2706425105662
1756.5328501166928
2002.8381722114723
1434.5274289750482
901.9304693529026
781.5183571828371
2065.59577429328
-944.8505664073166
494.3593387726134
542.7297789302031
-952.9199574960899
675.0423967227041
1218.142932838986
2025.641588302322
-641.4708920523693
1073.2967215496665
994.7904335747103
-635.0532424463854
-262.3095136339301
-1082.9221962076704
-1092.059734054204
824.3116098243585
-2173.6864941728
1559.540619443174
-366.00524259919973
888.931791444254
1475.7649021671455
-69.75369149130486
-1657.7448643908535
67.00283459095431
-1417.7698916313864
808.1803090986216
-1747.477915617606
367.220467403039
2239.711116837715
-1464.1275388437728
-482.8267695440745
-1378.7319749199232
-1534.5586482568099
298.4489517577806
-1683.493028120097
824.5937092552025
-1367.5898026186935
-98.46398159323053
2118.3042432011916
230.66530598980555
-165.65860793843586
1223.471450088238
2050.593981426822
1620.9281141540096
2264.603526731136
976.7634771409765
877.3186202797104
2165.579603590808
619.5100282123453
73.4917062810824
-2254.6203933100437
378.75456721261014
51.58276501563863
-863.3988659212612
-271.1920317657301
-44.81189689123141
-1590.9151771473528
1696.1216202224484
1691.953785428022
2167.028202759387
1189.8321979214218
890.8851294211914
-356.2074586055191
-272.85156070972573
-1313.34810498222
-2088.101068018804
47.96565919446729
-538.6465189902748
1133.6543210326367
1187.4210894171702
797.6315533596983
814.7293491316423
597.7681594144406
-562.0084584675274
2041.9933824197676
414.13358877907933
2095.159801420445
1259.300851406731
137.81378705015214
-598.5141129013946
-1185.1064831162405
1733.1346957651754
-1513.734419668004
-823.3000436213089
-148.57254183822099
2221.4355723475096
-699.1287149162928
666.982881282908
-254.42968362940422
-657.6755517423276
-427.66800174724483
1008.6341848192214
-410.53024733074375
1270.7819370714224
-1549.9452466735881
1549.1367144951357
-1101.0953155703387
-198.21906072803097
393.30456751278484
-125.84477143232863
-759.1231547161451
-178.0331512263175
2116.20644242981
-551.8798356089893
246.36790055455413
1067.7220014481143
-118.54773045471428
1423.394273940595
1041.8420335292624
-258.22062565512465
1500.3688415879565
499.2929752181183
864.0362939086077
1109.8878358729346
-532.0880915947208
220.23041111913375
57.93632827798345
1301.800408773957
-1911.6873052562898
1165.5056800580476
1575.2159062374835
918.0306177469924
1861.6249317872202
863.1507489930998
-922.8066258740273
1246.4535557471133
58.36925529205454
1954.870257741416
577.241530706302
1394.013382599474
-754.9615388514885
1353.7368858532418
1426.0047135679856
2153.907316689978
-657.0330417846543
1185.2112612588494
1270.412848947964
1203.149578789394
2105.966743929853
615.0189119738843
-91.60278487614222
298.11940959785494
672.2486131828407
709.669049679302
-716.3426229143456
-84.84366139532497
-1818.4706609045238
1255.0140804258356
-1780.161177487548
-842.1109126900795
352.31151172991184
525.1947731789074
2331.1999353646274
1798.0053456262256
1316.6198070703401
1416.363136058303
0.2270717972926164
473.50918086403385
676.4161025473297
1245.0287984014308
1659.0901808940234
-5.374285465695621
-240.90831047743922
421.89592308832107
1490.325105080701
1301.582716426322
2124.8206094795064
661.986806294491
1483.4604234626063
1056.6020890987347
2120.4309954013515
1009.7309037747981
-1468.680312593498
1098.8977081759267
607.2033909916813
722.688368033437
1440.017927227778
1294.6558514467683
846.0584500981987
2177.6389109223755
1783.6460767825336
1357.2833654294952
1971.901767861678
1858.423849557143
240.13548405438075
1099.720036897637
436.6760521537724
1529.8085842763899
1381.795284531567
731.180684216335
205.1160943535605
-358.7046527200314
-165.39012753086217
-86.87522143942938
-1570.5218275602954
-369.09834280751505
-1130.2619423187518
64.87776418720043
616.2150070787761
913.2182429677468
322.18991163682017
1330.01781337621
-859.2743494784545
92.12887912983578
1278.3259469696495
1050.7628260612846
1902.6656752617748
1680.3954583567925
599.7345097215789
243.5640474002023
456.8784249199727
1744.5656862964963
-1576.122123723825
1280.8588016419294
-836.1926236834618
933.3082916380099
1345.8440860235717
-72.78227897649268
-718.6849441465006
703.7855031922052
1085.0008922420166
-139.54918731643843
1403.6160526380813
-292.1267464112691
1021.2440381394656
1958.078980752544
2052.7065744951547
1586.9715739582145
876.0380756987141
-167.4511340173846
366.47061262428497
1835.1547678102395
1248.7447375440368
1867.8361218103626
917.5146900404291
930.111330369997
2010.7067568235611
425.9038993403423
2228.824362858377
1077.9729761022938
808.6896948100341
262.8916877678704
-315.67514285408845
1213.1777330454743
-0.4552758304855793
-264.3572847730328
1595.800651593248
215.7038108540379
-1926.5671332740053
1067.7924454941963
-988.9321994691223
1670.8042394629717
1223.3903526280512
343.09558513291574
1052.1646122494114
755.8316933102707
-1381.8154065475178
-405.30998376020796
1159.2113766321352
899.9390358900763
1572.2359505367917
874.0853778996938
996.408633437581
800.8481876292052
1124.9601135690334
1418.7663532472673
1477.420120939464
1116.4979465148294
-710.1498664462256
1372.4435769459126
-416.8303009692087
973.2774691124835
-501.93674605915805
640.4411064834509
648.0636502933586
1659.818644772219
1339.9018538203243
1256.6865130016652
-494.3241791683757
1257.9819454222063
2079.351799932035
651.6367660153822
1224.2090559398562
275.8251012985638
1074.1376842231507
920.5816382048959
-1469.4543272763958
1149.1182106542824
123.44764675148978
520.5442294171239
-278.8650779381519
659.903472257115
-641.5764988743239
1712.745702562628
203.27154136874924
-104.28681557977977
-1132.2047143151106
840.2067032922222
1758.714487276649
1630.0319046606462
1618.6236493120289
1127.2032046329723
43.218264449145785
1071.1025855044786
1177.944927270932
1400.4315540072714
995.3224965592926
1737.788632802612
1640.6090621717562
1252.8613550051703
1544.4161210761918
768.0023346726908
1679.7968824647533
1719.2667056772357
2159.799786402175
1776.6230860262021
312.77286480308385
1188.184220597667
1656.3421797947062
899.1679863193056
-342.33512078570766
879.6092875594337
10.679037899036508
1558.8226551993016
995.9130626379454
1462.1234796213043
1000.2991831342207
1716.549717283163
-1249.3248059269313
-175.40211658746614
891.9652202337546
1636.0565847402736
656.7356663709077
1636.7935257351992
840.4715151619367
1577.6182040154217
1676.5156997377949
683.6981273304343
1702.2318080910786
1664.7729146120664
978.1775407544694
453.90772568370426
1432.5055409396987
491.7851398126115
948.3912458032644
1117.9688558020405
1038.451598178054
1164.2075687198394
1417.248965672902
701.5912634614547
-298.6138696762199
874.5080295760474
1434.651948042898
293.80681149388414
222.62476758049937
137.89353929289126
-400.7412365234882
342.05213413449604
2094.7683060708105
1819.8264822798203
1465.8122895228023
1694.907889510508
-1280.7953683928702
1386.251012732629
-727.2192739163289
823.0913298080374
954.6470061117446
241.23523812164325
2064.3679569738974
1403.1154969900635
125.53592433094951
598.4924700932888
1683.7006744998907
1537.1464312440385
-1561.8651296741543
1377.6220682623573
-655.3702369116967
167.93716760946901
1108.7736964018547
391.46723928942987
959.8942351175206
417.14545577446154
1371.4921036044793
587.3551492883068
612.8559988035253
-465.41424808621275
1126.5176763886548
1028.161626860544
-26.45557392810644
1937.6735082240398
1340.8606724785557
384.8725100115405
329.55405874600757
1252.2342842028274
-1805.9534599900014
712.0899581539303
1320.9272030872655
-30.036161595791754
-49.37359499733726
1596.5243747333855
1305.5757366123123
521.6921319442914
1123.4532768658082
-17.127323292809862
-1156.1697811445872
1343.2847154916506
329.46208145698904
1697.1851694262264
828.0317611847537
1898.808302478081
1591.6689591499996
714.4083014586525
1115.0302696288425
416.0919494830017
771.9492921050708
841.0436489779565
2124.3378290736073
1395.7506886182116
-1469.7961960565756
-205.9801796823976
834.0967238123928
1101.1034785073027
-349.93741069558877
237.1309240830535
1260.0849852633921
1386.0646465717748
851.774832107315
909.6996298275042
1389.926613062273
771.1614955918583
2151.9624127376555
472.9785356795751
2.4275149133028755
1667.2949976361117
-140.02675915571223
696.4977704481784
-1331.3918520006932
621.8315469440239
-412.2280685092756
2019.9997838212312
-253.628525137905
1888.8526799801932
-1949.192912973443
-380.48312077521894
-1448.506002065168
2019.4785076067503
565.6607471011005
1482.132725457092
477.66962938455566
1720.0322031552885
-216.81037214938178
297.8409143235899
-1043.6539436881878
1249.7490638308252
-2092.779596312877
961.8765021243349
1479.5832112138235
872.8608241648346
961.0590448598583
223.70427249715794
633.778499155146
740.2632897919259
936.9752705852544
2354.806788599056
2362.105165171813
1128.686542123132
-52.7818918507745
-481.4381066251167
7.411648417450088
1935.6571634271397
-497.3124105757658
-277.1036612237603
1042.0097007038203
884.6282223716162
1982.5962689904934
1444.3219754122704
-393.55087105932495
700.0595810545781
564.752069978647
-2319.360708400031
1091.8388285704468
53.42467244889737
-1501.4825725577919
657.404053511619
-1193.9084808977757
1323.476668592512
602.0280820709786
-1836.0087175976219
-1940.809042082427
494.38685044224184
-1026.795029202917
1772.4624363612654
-939.5805956260525
2083.2306860214867
-944.8719562117831
-863.7918708361178
2242.7694365699176
2107.3417307514733
903.208008902485
-807.4285033165121
2343.608885248521
-1491.530043019397
-1307.1840059968367
1959.2975073663029
-188.25698507467538
1008.2196154765223
-203.46260066269068
-376.65188839666155
-1520.4230040807124
796.6707332333217
1123.5373169904472
171.46332272990938
-1402.0169202665172
-399.72753877779587
1929.5474274411831
1699.372976448736
1818.1852001763054
-522.9963594422641
-52.32105168518094
838.0989883041253
981.2237710402637
-1818.039645561014
-652.8407210429093
2083.2484979243122
-1357.8015437332465
-1128.4111428336162
-824.4272573203182
182.27826142508349
-2151.908110707779
-1536.5291059098781
976.1525929999915
1202.6294005242662
1015.5593974614618
1350.4974622510906
1988.2231597057003
1125.4523397526968
1985.2954530677066
-1690.2166506638534
2187.448380532692
95.62162837445683
-207.767982751607
2292.5572466028448
-2210.251064683881
1857.212250001272
-1459.0963612053483
491.5873518575477
-407.35664985500097
847.2253803706993
-2460.707605705247
397.6615042104716
-955.8872096029758
-165.59930901945364
1815.4192840840228
98.61184809624139
439.03866208613863
-1176.830077495643
-2074.993303006166
764.1636700582305
1499.1303981832655
290.57343837788073
-288.2731647310255
-1411.9473043325168
395.9959439044797
841.5219261225376
919.3538244044436
393.75998843988606
-41.073745775511284
287.40294287384575
-1257.9040934114112
2406.7669163810006
2001.7045767500947
-1438.963980763722
1241.9728485349203
-2047.184664473346
2476.0692523499165
101.71265461720583
2080.7162062173893
-1981.6294451934714
1437.3909615109364
-1689.3640166215255
1929.7520129929817
-1564.4060038208145
1653.6961326812814
-1781.2741797424287
-758.2197437538883
-1474.395600708863
740.7817666656447
1418.1584401565624
1842.9055293885122
1415.5593216245888
752.8129720459785
-1184.7102818691399
93.66398853249302
-1836.2848694933937
2006.4949943130298
2049.2711494117866
594.7819879788515
-959.5649911277301
-1557.7929133268615
-1853.3433605361427
1049.4660032974916
-480.63326795971307
680.154287584373
469.04297641919055
14.017935466091124
-2195.181355800188
-464.05628059857486
-1309.1756425306173
-1691.10363716247
-1420.1580309487556
758.2372772179424
-576.387235060442
-111.34243249471712
447.3527042852223
-2303.707268986256
-1027.1179034452614
-511.24880872554985
-348.63637477681254
2242.613665491872
-1666.5323429429313
-1546.2931571264078
838.683198307345
1861.9782203461966
256.4672254279192
609.5195250343454
-1166.7610918025782
1033.4409443754062
1397.970076594338
-1950.7808293538899
1839.4827702870305
-161.31300413525668
19.282317230917194
30.966527165120496
-432.9084055897463
-1902.3972110128896
420.87083908948046
-1278.351184780582
-1365.8490359939851
990.2196372367537
-584.8622963825603
-137.84264046404482
2317.243545092369
2307.921958643737
1618.7505337397545
1894.2602232661693
32.19124968550398
-166.21274894427683
-1740.7728888169554
399.02850640028225
-1894.5021255920867
290.64763507414324
-1445.2063592244062
547.6028793014337
1052.182870578701
-1313.8821118491478
2211.255699165228
1169.202690161361
1471.2515091254886
-384.61143240671294
1664.02137912036
-936.1685385564532
114.0742574531738
2395.305477509652
35.76852569094019
-396.9375736175671
-2022.2646006831765
-2112.0742628696926
-1721.6893150107132
-1830.1411014131525
248.92095817358015
2298.835142874202
2091.0743363318456
-1297.9143107388027
1273.7791798078324
-1455.1869427930849
1234.5490686827875
-1181.9471893658965
1799.345654924481
-1085.278242851486
1016.6926598046181
-316.3023886540143
1216.4027647233054
-918.3576049251907
1295.5761074478444
665.1889148611398
1110.794847796865
2031.1737114243156
-1220.1435909203851
727.0490334413954
553.0896810315108
-1283.4908852404642
1995.277335908369
985.1156797210697
866.9228292526983
1465.6883485476544
-590.8009477295036
856.4342058111782
1281.570004674566
2487.273064466009
1073.0755462196591
556.8606934380693
1832.38747907214
-889.9112772992697
345.83359623854045
-1665.7536338210375
-242.7454816726618
938.4578462547422
532.3839205654986
853.1212405548259
-1557.501618479783
1545.2872276516146
1.0889649543215612
-457.430454938014
2038.4066363981833
251.1450613503688
-1699.4721223609229
-961.0793938952548
473.9931862818904
-243.33828956727245
-1167.7992633828733
966.0345545075959
-915.5306853870987
-1681.4165763586493
233.33670926707418
650.1739125532241
1723.6547262447332
134.55986684227125
459.4119906930261
-1056.5449219825714
860.7524169690905
-622.1699631873807
559.7141177989362
1628.5496541152227
1786.3558507268592
2116.7742771890976
1635.4005848792797
-1473.3008659873808
285.33612986618886
-101.58523393698512
119.403090712354
-73.95032640664576
668.8535803412337
-907.7911802226436
1361.8232465152948
486.38977670430893
1561.7527021292387
1008.2889494650319
803.9963332180643
-432.242747428134
2076.2292429906747
108.31732625805074
1797.3324330903276
-565.2156681872035
1861.283839863391
124.87594704528318
1330.784696081543
1799.448986275632
1445.7797876027987
409.61058042321855
731.4633017927355
1435.0550197141904
-7.782399865999444
389.9582217690373
-306.6819982111075
-314.6963650908669
4.792992963301415
-1959.3359741424456
-514.2826342954994
-1433.6111734141055
-277.5633451629809
-1395.6518337590373
-630.3757036260416
629.6077904756086
-1111.279183748147
505.022940625907
1505.9696108334033
-1486.4965520184246
461.7128994523129
-709.9027692562435
186.1987677191648
1946.0283615594972
773.6700228773709
1791.3712590353962
1857.7996567146895
477.5770908330191
-842.5726143951304
-404.3782578504612
145.46720337823845
560.9652138538662
520.7209777965442
1684.3698828593574
682.5893616381933
925.3547416526072
944.5460002708282
772.7804448843954
1628.1297111024123
-897.9760410597933
716.2487696033564
986.8407661272425
519.7595096375909
-1197.1182604640521
1095.296968990006
1807.462746862499
-663.2128653707884
1246.203845815895
59.20817389907119
803.7776022728528
2033.4384972466232
952.0316549887707
1123.7656301097077
2337.2939665554177
-950.774041208563
-1776.855258319056
45.29139761837461
1607.1224589915478
-495.5303487391355
-1008.2693638621458
75.89982847704545
374.6080593354438
502.7609199979032
196.35079613931075
59.1416647977059
666.3852921371054
311.3200847544859
1138.261124642597
767.5319917472484
-86.17296382877423
-568.9582475102046
-477.935258890725
-598.0170789508668
-1194.9097213609123
507.4933852374442
-1140.1574750051363
1942.738016396478
-1151.8626330556265
226.24964605705415
1484.5773232606539
876.6903134600636
-2196.007510455091
-253.86916427665352
-430.3028151160414
-634.0397302295306
-849.5353973959236
-266.9898171261324
-1356.0894732336667
1030.877200304509
-874.8399491366791
934.5289968875995
1863.0932529625322
-2.413361667035261
-1701.355263600473
-700.2559333734391
574.1484944875554
1583.221957172934
-2273.513868408878
2008.6825737549848
-559.9378344734143
-231.8007262697605
1547.1116879932931
-948.7291777750347
1043.6928170860313
-1413.1428189924486
1135.7534590965993
664.1206494101234
2160.0130902147116
-1682.1520318625933
906.1662161086967
-593.7512354010199
1030.1446248176992
1448.1666292918746
708.9477177969537
1329.4307027030864
-1710.0657843230586
1072.2037845095995
1414.5681620176213
755.0525767496176
1712.9947333819828
998.7402798858795
-467.6638599810989
1246.1656901679787
-1062.44928108705
780.283645465271
-1313.2683218615348
-1035.2716709040567
232.9355340481728
-880.7461594760239
1009.9433144246717
2169.7137394139977
-723.7439321733691
532.7325260745849
-2155.2516413946705
1669.0890850651358
332.64320950713534
-346.82528940767156
-359.10738200508047
93.5480450312741
-821.1482449279301
1830.6578981924067
1910.1411015357999
1428.1460001304313
638.8735842151063
1629.819390731931
168.49892765248342
907.7421909933751
-1388.9181722909036
-862.5842435338066
-1284.9021586864894
89.42560698478287
-722.8308961713365
432.23128751359434
-361.18472427736447
294.63797282724437
1552.609730590424
1492.2304121736897
-1560.7775311457012
1522.3393341197575
1201.0974943483639
1467.6579088908118
1054.2161498721641
-505.44700164424773
2061.470834503236
1224.9912153499354
-600.1435288561667
1163.3022506214018
-247.07799756245242
-2168.4535943080714
-267.0631236436889
-97.60779147938283
1192.1070419954617
1677.8423824930521
442.26915320355755
1349.9564713667571
-270.6815125059392
745.3809417456296
-931.6825127084969
1273.9635012538483
871.1942264209963
689.1478333149661
-1616.178822992537
1556.4467841146493
1621.611012834653
-978.8735037320337
1023.6615018314296
816.8098413225329
1468.937251195334
349.216156990389
2024.114520104988
232.4929979356282
-512.9869960049039
1085.4866335776019
-823.9387076390241
443.24058384411524
2041.3975730193417
1086.2310804418846
539.8106734580389
1733.286892807102
597.7502792833417
904.1297388029537
-1370.8944785141814
1583.4614357990906
135.74451383934286
1612.8857691357928
-1546.9197590355043
270.1932212472865
-194.3933109685216
247.75640087214282
632.4950369030486
412.3255039785712
-652.9630279607137
296.588574562284
31.78049655566477
-527.1040567266796
122.80073514639888
-1425.6696413898212
-792.4537015554235
-837.8403273878449
928.50178318492
-1131.7222078380983
1956.16792252299
792.9634690734712
-1518.02601045684
45.17532542992123
-80.26545102174077
-661.6335616159637
193.6636423207277
-140.59240175720018
1235.389339214618
1082.8414744956947
-1311.0650555105897
1118.414753644679
1390.8082004169853
583.3710770632919
587.2123948110109
1294.7184437440885
762.7337737034127
-1219.271621354257
-230.41763649584857
-337.2543389489181
-1365.5472760012376
602.0455339084832
-902.5650031055624
-74.54728309770078
548.3698989063236
1308.160096493337
-1388.3527608051277
1479.6995660806174
637.1480983148513
740.3765282715702
-478.50895772826425
-203.61776032503354
-1473.8004505709273
1604.4936299989554
