13.893113945877001
32.699035722170436
14.118600809351282
-1057.516322645406
-1821.2864169081784
-647.5008260833542
35.862052274949754
-1727.1771512022576
-2.3073648192053033
-2.211395467686397
-1103.7751887922382
-694.6295838436839
-1399.7909281053062
-795.0818286247207
213.81455036254454
-18.48420601225087
211.99109343989582
-813.2792088643448
1.3146213167603544
-1650.1077396911119
-1140.2605848870794
-183.3786175067542
-92.62875849397444
-1136.8406322758385
-659.3147449541176
54.15289170861563
-1287.4494136136727
25.934948259870513
-2195.494626664877
-722.346196899295
-1467.256612960975
99.36683368465833
98.04483536010977
-1302.5835237866117
99.45996094811215
-1038.7164510051755
-1350.2817692190677
-604.31710083711
81.81906991339754
-2214.344961743897
81.01598640645119
82.1746071872327
193.8970966606965
-630.5081302543164
192.8485180772971
192.98015590969433
-2188.899831174633
-2339.7942241004475
-151.39443004486773
-1730.6577799269396
275.33563639139425
-2199.499482632815
-1976.3208455933295
277.2291750616599
204.33798448225335
-701.9434077204717
-2381.6527489329665
172.02232836454954
-1794.1069174257007
-485.75625978164226
210.94472473623557
220.79012008166387
-2064.1643053470502
209.76659886373557
-1609.8020034918359
-1670.6189546918133
-1550.0623229520288
-2109.6483005185046
168.47382004538386
-420.5031912198248
225.47335765491871
169.91731253243273
223.4643102180247
221.48950473548467
55.42559434562278
-1654.3795318440957
-1606.938464066431
223.40064141137242
55.66021454688541
273.4308793322365
260.8151022239572
264.1897453946751
-763.1750628152934
-35.81067536696292
506.8748798661781
509.2686446216795
-751.7622227780118
-1442.0561690753598
494.28879993264127
334.29053006923226
-1718.2026561947123
458.07173541173864
-1164.191974104205
-1219.3078479294022
483.9024034170109
-157.78852505011764
-2238.7931133991274
-465.08445281790324
422.63273796957395
423.5507339562546
458.99193041955215
-1852.745114961975
-1639.4176341410139
-2052.3452451595986
-136.95604345115632
10.493655126930346
-2277.3191575746996
-206.09654882423834
220.83826559225
-774.0213304746302
220.54007476281345
218.69660064484358
-553.9342398948916
220.26593916835958
271.57327160061027
387.3283741748089
-137.74710330194395
351.16990119287357
-1487.5132209364383
-1187.386458961171
-2358.6227336705247
552.1050645492433
556.0367568592446
-2068.2969386011932
595.9358864324848
560.4028445895088
-853.4932831233355
-2478.093162722821
-6.963609685683387
-1637.8737360882617
-1960.1794300183317
-1803.6768988018453
370.17648547734217
360.71652832884257
-1151.4999710662817
339.972079950045
-532.9455380883713
-267.1270581947527
-1722.656813508998
-974.2414880216816
-313.78830258295073
-798.8125877878605
183.60540080727878
134.31370301585855
225.60163723403156
233.94978908249837
-168.55073656980858
224.06608416849505
-200.25709964412553
-1343.365569236305
510.9830008663814
-2186.9151587769843
-712.3019424887473
-1731.1943203392027
511.5093436338898
523.0101761267532
523.3563843201373
579.4324219911864
526.6948302609422
-976.5775660340687
-1630.2196806671454
522.6887439986002
451.2709294157616
444.89674934028346
91.13492308494564
-1470.7367286337892
-2376.1606238706445
451.0079011409201
-2439.612129888156
101.23410819167329
-636.3135950982235
-250.61858617510202
-2124.7018651240974
-751.0971040846143
50.5102482777718
38.06007123640931
40.303942394054296
-1841.8925707108708
-2177.4580745562985
-179.1249729029193
-338.36316276790456
-1769.1601504559246
151.61594460033157
-244.13894883041522
151.96113096646923
155.4610179876146
223.5507458734809
-2404.4542084157856
-56.842466802812794
-987.1696545285502
-1985.2573970602755
292.0298186633324
469.5768952581151
517.2674963556682
477.0603517646574
269.5629140329775
-356.8016801763685
-65.0572147024625
686.5085088637155
668.2175638952358
669.914214322788
-44.000880916016946
667.5693698777967
673.8856858422315
433.47828341814824
-1193.3839693229643
-716.9052876455806
221.85060135960444
415.3702926889083
-1262.7296688021145
-426.67765927486334
174.97348189809094
176.41984420499216
176.25941781829277
230.65722631200177
176.96873590224777
236.08105596781078
235.80498027076524
237.0494837539632
224.98308863623308
241.63281249184465
240.74790392332574
-579.5650486496972
-2241.871047812693
213.51478541688812
215.56956523020864
124.05152114643714
215.53661421264104
410.5763921809796
404.9696515496513
-2115.3760310537673
220.3040429480102
409.9010275631777
67.78584850293534
495.46362240804484
490.555853507134
510.2944327245964
503.7376679398541
504.1732218003599
-1495.2221206107201
-599.2512731723143
-250.51288144839646
-6.4986544557146235
-9.044122954549781
-738.3542149827655
-2427.6720547896452
-1680.839180886326
166.83736834337776
129.10730381493858
129.36992781620458
-1082.5014375957808
129.30604791224437
-12.535069611730648
-998.2973209916479
-1461.7726026571092
-1771.0176615153732
-2299.2296351540713
-1392.9823771448591
-1275.8774512663263
197.62633176889375
198.7851841813347
201.63260303682048
204.07353543025982
-447.24130488053794
-45.39982721276481
160.61983081460738
157.26168809982684
-1539.849431278929
-1612.4230202965705
-2394.12854067222
-545.0099786781692
-639.5408914465905
219.5682371826056
205.21482360523368
238.01775759606792
223.34987628755204
-82.44559155677011
256.35600553978816
-1829.5650524657735
34.727713460069864
283.05146289436436
262.34422190001237
-2217.0070226978537
106.8238408499522
96.55401737254064
-862.1169219374575
97.74596681534732
-2399.5034448542456
1074.3466565913598
-855.5745101738925
1014.0292720814908
-2467.9312820878945
1069.6509858716386
-1456.2398850866891
161.13781809687416
-1358.0106746925599
-1817.9634816216824
-1083.5411546954247
-907.614403852586
-2118.8541502927765
-79.99208650515517
241.61402075760026
-1359.5426494701633
-2104.634400515384
244.72829289329422
241.96815887925962
-310.2418037722098
-561.453870417562
364.97997111727915
353.6310030790732
54.28122883859365
-38.39685650531396
-1746.4123219166102
-1648.2966603703146
92.59005897716895
-1907.3490106505815
-1444.4521605160453
-0.5614814646585629
-841.6901954333462
94.62798765268649
-952.9744396774299
-253.57740997223434
-1536.943279495836
90.8749105809683
63.025616526628255
-752.8076987236653
-219.22064424216177
-1059.515687489442
-1487.2975324950544
62.74877485139074
-1279.5351754476028
-1680.0668784693387
-1618.9610776923673
189.44664582460857
-1106.954924818427
-1106.7020953049014
308.8763836298274
-1816.4787192234307
-682.9808750853966
22.24756076000459
-212.48687135239345
-825.8558599852487
-1929.922000316942
-1816.1958473343705
-310.75460887410645
1678.095730326204
-1091.3492170122465
-2250.8318168420014
-888.678019469527
412.9663851305498
-876.7215163994804
823.0780540947753
-255.89052969740703
796.2622763431633
170.08318647098776
160.6139034613457
169.44769485406778
166.50105239247407
-1537.9614299342686
168.09993719545716
248.63983140957532
249.37753463967843
-156.87057111874404
-1654.0927350399197
246.78555030703455
249.23919545285577
-1713.9410576841065
1216.44327510899
554.1631065553572
1256.1115252181976
-768.1517571758134
1261.0657965930523
-1501.4931881008104
259.9213196358656
1048.1634353405275
629.0749296506087
1020.1872310422848
-2047.8328246631647
-2253.2791510555317
-313.31140708284534
25.986287566991823
-274.36999356370234
-537.8871148152904
482.41373590372586
-1200.7072269416615
750.7580549308897
890.7004992258483
499.6256474114641
894.8990860543418
331.0212971000667
1238.6022511207143
-458.776972103699
-267.02975164113064
1268.1457188533195
660.2779592584218
1282.0138515031078
243.37335737761222
242.0666105570212
-1006.1566455715259
-86.26157203427178
296.7433279080099
-1429.225504731042
-115.1143408191221
422.3188228924768
-14.704174315256651
1281.8939745735793
1232.767972733643
1100.9981476509151
-1526.0706165184515
568.0512708416346
558.7500727432715
567.1615739504273
-165.00641341567703
-1587.5457366489202
1540.1252664730134
517.6065342911452
1493.4670382404781
1551.25258027729
1570.3037782125123
1565.3382214310175
1184.446587183741
215.7517308820226
1215.4231969893126
-1060.7256578042845
333.8330986731892
-1544.1007514290004
-435.348571254242
-1497.7637327452405
97.4748750332878
-334.6599581607129
-118.44367422800848
100.58474162918816
-2430.9556792055464
1541.0626202494427
1507.145857031608
-1909.95503382355
146.07785110991867
-40.492459763682405
514.9038350082999
511.60696034988615
-203.8966957426614
-931.9631983243414
-715.9972808229903
-1208.2075892405041
370.5130377368304
520.5305231622095
179.81598591054433
505.8804158788023
-423.14863690864337
-16.069677374361092
447.868684148314
-1325.9745202831382
-652.1145183506914
463.82947916487063
357.09957589650764
466.5470682140459
-1543.9498668892527
1285.8466047964143
-229.5796302105163
-1129.5936064849475
460.65479399844685
105.19439510240582
874.0560723082194
-81.38140547254147
-551.0893492262267
-1290.2393616184838
-1109.2099503801446
837.747967891739
-1418.5668563122244
-2050.01507517292
-1952.479823922361
-1211.3734056701092
196.08045549844644
157.23317576634122
231.9304833139075
312.48404894922857
-916.7083582214007
-1628.5168451836098
-1996.5875772882307
-1232.3151373355895
-3.7087587918303235
1748.3240731950664
312.8885855615497
935.0605938795884
801.7537622816226
1739.4275466146917
-1435.4401805614013
-998.0536660320075
358.01084121962083
620.4028398937412
610.5817622551764
-804.8120610231349
-863.0103892549675
212.2586662316465
-1447.3671598892283
1029.4558684143065
614.4431254412204
1049.7400031456082
139.3763991557879
-2205.089074135332
129.21614290679636
130.39531567094926
111.64475872265378
-517.464357268406
-428.6304023761711
220.7847394103513
223.82101573535385
-721.1551849741819
-103.88463069124721
222.52779785534184
250.2039130064409
-1870.204363443403
245.69721916655155
-1149.7318523953127
-481.25423558969334
244.6890757785535
736.8386745117843
-2038.7217293062038
-1978.0185513439626
-1677.606519897568
-1005.7899724187371
-541.8658101418483
203.91885967254098
-1655.2553106571831
1314.9718796942002
1364.843139340389
-881.5835054216202
-2196.84246849384
367.7884653951565
87.19387412863887
-293.78813007080555
-1062.8464096263322
1140.3596261593877
-1162.5506877772257
109.45619081137082
-2185.697058167355
-1634.8232376182182
-8.935287878093174
-2087.6634537920845
-1441.4648011311858
1506.8041593111116
-790.7146406376147
1541.1463951556034
1496.4478338739325
877.0832804748903
-2054.551501381056
177.505862241995
178.1406949339702
-341.9848046454282
-1913.1339001897366
-51.111281919355704
175.75469963876498
372.7436176922985
-1278.1629355252055
377.7129724613279
-992.7155504207128
-152.02620698509955
-1679.2734809623332
203.97371281988526
-1056.7401831297557
206.0088067860585
206.45136026888255
211.07131645729066
-1719.247989722417
222.3988887400215
-2364.3217567815404
226.7176308029409
-1739.8611020701787
219.6511054617919
-111.7291055277575
-532.6398312878479
-963.8897409087052
83.51439125437093
82.83144327049831
82.67628532137991
-1858.4224281017732
-57.388883261304535
-111.964318170642
-735.7318451091261
245.0087915900808
250.48172801945637
-538.3352604598518
-1308.8631527824919
334.2028906760325
362.9644030742778
-122.24353296852952
-1479.9644933222532
381.6231400025907
-650.889414817662
-949.3458473880589
570.2059500860043
565.9576666957191
561.4592774033108
-1002.034156838556
-593.1366377001979
512.0325576308417
-2065.1536149665235
82.21478223858102
-848.4434312939737
531.7063430386007
-1887.1318074392184
-115.20421895522549
433.1970938139034
320.673370723355
440.17158180898207
439.0431032570175
164.73948716595459
163.74017379745754
167.18423917253278
167.15055130488747
-396.73342081022747
-1684.246685658572
-2267.376957286747
770.7680973259203
797.0784874546202
-1207.8031033109248
792.9299314701416
-678.9162773968394
-1814.1062682944132
882.8435247833252
915.6466684507488
-2039.3172118315429
887.4772493352831
898.9613189955893
-2221.718188844103
-1858.2480957497798
-2286.102075750362
832.2909795240363
30.01389546610611
825.3750322371809
859.6544890749619
1116.5215602738435
1081.1624492754866
-2465.5894760862
-230.17221442127754
1084.3747228054501
-1666.6339296156402
169.2089999795221
1391.2396429132402
-1628.7507718371041
1400.8628057427313
587.047097065198
272.207066439745
-885.2541382394874
-365.23181646708866
268.66991818822186
-1825.2125557283177
275.04715308158825
-650.952574341106
448.4987055849112
149.43671444748563
-705.1657004511169
-270.73876972143864
460.33601565872357
1159.7264592498987
-139.08834927869873
1177.0390618156644
-1770.8729650253774
838.7384808144504
-825.9776597624219
540.5989307193221
1141.62177276899
-1780.4679662078959
-1632.332831327682
1114.6876588823147
782.7038579528889
1587.9548062945948
-157.3405254296323
-111.17628739852947
1632.598840648218
1640.402565077414
1639.9054741110108
-1803.6495029325922
-2378.809652959704
548.1428400783516
548.5226877470759
-1368.8068693125083
-265.8430676335721
102.39062361186325
871.8408618174958
-293.65518315697057
874.78925727627
888.0676475632654
-2039.417432260988
513.1591009351773
506.2373981443123
511.4047743375503
512.0483650514004
-1910.7646875946261
-2268.907473091774
1348.5690499687437
1364.1040919199695
28.752814502271406
-971.960611681798
1112.2940063991182
1375.3360987398219
-2038.1783988120244
1217.4234875197124
1194.8512568849915
1223.0529564680726
1233.8045088230435
-2412.8321449467494
898.5662640219648
-1328.5700278809243
898.5968069302227
-48.735927831120016
-1229.3265012558568
-786.2110660177674
-2412.9324417745875
138.2196423678772
-1375.7277831156266
-994.0277563930949
606.2464428320212
-2298.2380191853667
631.163275936854
741.1785120208658
728.6683391835751
-992.950977004397
-2218.403737894134
762.6827823503647
304.54019478717225
159.4100009011723
-2082.0794653310027
306.2168140228994
-1970.881383177696
-2163.275053645203
-2037.844679554726
617.5095135738201
383.9201162198863
-319.13281256245705
-1951.1153317243502
493.29339672821607
-2334.919160899613
825.7767663865106
403.716266005702
-1791.4260173052116
-2391.6799063548087
329.99070814729583
-156.32258329084047
991.5799584800492
988.723881427572
-2319.5137334382907
-1281.6934781607624
395.8816618767641
904.2035623296995
919.1852408720075
-1041.1743415249687
920.41199271709
-2004.749364742306
-1147.7749290512502
-2342.3315116596814
254.97276811941677
-996.1432767588268
254.977831724014
343.1082413781039
-1055.5432658182879
495.46245617806903
478.5980406643565
491.9204913551551
478.7328915186307
-1553.507401162505
372.24826604382866
-1118.0805205801548
823.6666152688296
799.5608473286419
-386.3674878921519
-1866.0358808012334
-191.10004332523079
1049.961339010623
464.4271318510168
-2072.908943399424
-1607.9587629977082
-138.07415250761014
-2474.7047516359526
1153.5457831468639
-2173.1967546557908
-2496.6468003878786
-852.5061083420587
1179.240083613421
958.7027398124293
-834.9715314162526
1026.8678657684031
-478.2594652459532
-1527.5089169377786
1003.5157192091128
-1924.7562132351243
-2272.178755023618
792.9815730423911
799.2451019661607
809.8828228827626
-1040.7436989418534
800.6471640956405
-2166.7138468005764
-119.9038751545356
598.4654212606202
-1684.600558899711
599.8968019220683
589.467983881443
-784.3963338188642
-1026.9728759656116
13.373497000052637
803.068934841255
803.8273300571825
413.2781216757625
-667.2077258693344
-2287.171799930963
1265.1528606518668
-2402.413224093526
1213.267210931378
1185.9037931374878
-1337.9480045660653
1642.545840785794
73.04125665244521
3.962553021444881
-370.49922980164905
1632.0816922701765
-2425.350682228571
209.0285731433189
-168.07247320125563
982.9056108435414
984.9510319609695
-1457.0230859547478
85.30994572609794
-1713.295832267594
-1115.2558884607427
-295.370086357572
63.333697636518416
-544.7363978281344
60.87914596293042
214.10109349376444
213.5165523294756
214.21102215190103
-2331.5438724149813
-2120.3751205439657
56.18570627640651
-1214.6476959415902
187.17248770200075
-679.7578797517295
-2232.5923974294888
187.10943799203307
-63.101565168174886
646.5527468625056
-306.5995670390254
-747.2326141052721
643.6317645718083
637.9061225557774
736.0983902569501
-923.7869276212763
734.4611457926933
724.2714232539618
724.6857413144415
743.0148698890551
-2031.2647331829792
-1224.065075508025
-113.32699374507094
667.0254489719342
642.5487691069928
659.1387760912879
-2264.026296467066
-401.31067828405975
-1122.1460742289696
-461.9342480870225
-1990.7882466281874
143.7346410219545
-1606.802034471088
-359.88358933247866
-1479.4418229605178
294.3683664944948
316.12123796078413
-1992.506846469711
-1703.6043973240444
446.86308843031645
-2052.5300229374993
447.7608395608407
-248.2176933520058
466.1035837527932
700.6553245020981
-1720.3366060624448
462.69232644125464
227.78888841099945
568.3647121845554
689.4654537862286
588.6839869218377
591.7560546357759
588.5771588007199
591.3618647643185
587.0659613148738
-546.0769067811414
-1140.670306253317
518.2320854700353
516.9141621919457
511.60707078820525
-1250.5561979144966
524.3412296318281
1057.998353614403
-1142.2810234066949
-1263.4921301076395
1049.8781095905322
108.11411066330989
1089.5793922626929
-318.1843398149009
858.7568608716801
854.7652736099208
-92.44503492556896
866.1394585595058
122.4286783669505
-1798.2088722789347
610.1089254492592
-266.4405011650482
-520.5040418266119
-1098.5995049239555
595.4497630470224
-159.62995491029625
-740.2237324199991
768.6914557760216
747.4643564376408
708.9312592226206
452.62092342757927
-780.8815619388837
595.7176342096197
-996.4041811176406
19.77461650154475
-186.51272566988425
-1289.2060838688444
854.7805334427949
837.6403823843746
-1070.5395583122047
872.107848168055
-1458.9211198219616
-6.987976355165415
-1126.7286745192769
-989.5071140065859
-289.9499965080584
278.296212142997
279.8868726258513
-1630.4020295523442
391.8673409777571
-2054.9406484435744
-1562.4066952579165
-24.503940287036425
-587.5996696459177
-763.801456295738
748.3923662350109
972.5298486131635
-1699.5168809162244
972.9449605759792
982.7206080682795
-1546.2733091018356
-1215.1142493388973
178.8194596687572
-919.5109275746119
1148.6371253722098
1142.3311147266425
-1388.9731544089905
1289.4718568059332
-1575.416038841513
-605.5250341612356
1376.6471354689397
468.2267281910056
1390.1992598824418
-955.10705953675
-1175.9467303827344
-907.978306154531
-1549.2200479897217
193.79627159631218
924.0970224258405
-2304.1727951432954
1228.3384282930883
1220.382768076124
-2095.9742619447306
1168.9599510320386
-367.8221400934879
501.469084526325
-1852.2616031399175
379.5623042319841
1291.6773162832033
1293.913376717779
-967.384915896341
-529.1918522775505
982.6677663691919
974.9504509419812
975.6749188098859
452.06935899722055
-207.86607101040656
-447.44381404523006
-683.2395366718476
1414.0516917254672
44.91642792979977
1190.990848242174
1413.4453831483809
-1151.211513464166
1088.2394744780386
1113.5996165879685
-845.064507763405
-292.9786416705914
-1018.3635708195927
-849.055721013205
1089.5079031351427
-16.811414795327607
-500.29099326483123
-365.78553308350985
1095.397253511649
425.9991062114588
-1624.3130305394618
783.6377740555548
771.6005555682382
779.8866393435085
779.4130973631947
-1842.0961129792672
1176.3867654812518
1160.0865915048228
1127.631641909502
567.5004842895842
-286.2804105447667
1315.0494231104158
692.6393057246393
1391.7636227939288
1348.1256220894797
843.1127743289377
1353.4913400732173
-766.6426714384779
1166.296200181052
-1835.6256510498029
-1284.688409269909
993.8227105684352
1163.1465385839144
-923.7106696283238
1023.5852817718543
-1165.580219261228
17.60711854819956
-635.6200261520811
-923.2464836291826
1077.1484397089168
1072.693024546008
-7.0582494005784895
1081.0033766015042
-488.6236095483885
1072.607942476081
-451.1415720084513
365.186068259685
999.2323440658624
1042.103297611957
94.23147198770882
797.4264646490982
729.5392313158537
-929.4634528586012
-19.42643996628579
-1000.6890132943264
-392.50406461839293
-1161.9056760727758
-721.8926149179538
1266.9982006892658
-598.9860834459099
-906.5793842490732
1231.4883550109153
-127.69675730277423
939.9891881256708
930.9468430019092
-1492.9869848272824
-1214.4656759205905
390.7979547469979
-1565.0818919415453
955.3067194982988
252.60415241982992
1526.0166847501914
-4.410805833837017
1465.1958688231402
1367.5747079375437
514.495221875445
878.0715087461214
-1974.1519931855184
158.16355417956837
-765.4329752584486
554.0701102324857
718.4463698360759
-693.8655213264309
-406.27672669841064
750.6425412443683
729.8380698980058
-166.66208331580322
812.313705065768
-2326.6644263338044
-982.3356728809251
195.8422498473413
-1591.1044158001475
845.5493298880073
-33.999328839967866
797.405055620511
786.5433953594002
-40.06953523352108
220.46118130116898
-971.9283477546032
877.8940371934016
1330.4452647597063
-867.9022955720557
1146.9557164659766
1339.7415477962916
684.3833971856242
1003.3328109002944
-489.7486382764215
-614.6503999928494
567.2295794744772
-753.9454940014506
1015.6240805963405
1069.366445421782
-1505.8432654901824
-975.0350545341926
-438.2943283242326
1116.6548061762692
-672.2326264571228
-1346.292667653833
-1616.330145460928
1032.1671518731234
1043.8645975641978
-1478.7800024564444
-2098.783013164342
-622.1406693924297
837.0934714454816
435.3074029685494
-510.04541311717446
-1600.6422516144457
-1633.9119438565172
-2018.844624168199
-2394.617117429718
-1983.8590416521888
-127.00380414093658
-1630.6941973990115
145.2795743481396
-609.5096587756502
-388.3537596148595
616.2778942059618
611.9201002133631
-1565.8758876356571
625.549291988815
-837.2942656963146
-536.7045394195613
531.5808627421088
-2090.0882647151016
539.7744857867683
-1444.3298498223255
719.9431134583415
741.5401889818991
531.2131998942881
0.7252503705679203
721.6362416227214
757.8277038801525
-2330.3699697538623
104.5200938889923
-2144.2739947529885
160.23686718943665
161.2410549687517
-1117.4911785496993
1838.5258892143152
-1613.8956284880562
-35.766241242706776
1860.1906523983323
1802.2288606931604
738.0907454594243
-1051.7422471445614
1123.0711220814803
1440.1620367048904
548.2073081828659
235.39721781124402
1465.953295011972
-68.5925583194119
-1152.360363232453
1152.697239694455
-1722.8588107637981
1132.90225144077
1149.2848307435002
-998.7934485188649
-2131.0440075403326
-103.28951239059914
-772.8673947217518
895.4929396312177
921.5405615660246
-9.416075012676494
690.0640826300705
-1231.798166858027
42.40583427045364
-2277.4184161574085
-2290.7310465977475
60.26989267841954
989.4626985728861
-1828.7469566884818
-1204.253352517965
1197.2523748191481
1553.3422322920283
-820.7682791272819
-2324.3769894799702
-234.70406270823142
438.41579097480405
-118.61651870659185
-2314.452221898579
-1936.3169679156706
-1014.9133257554477
750.293253944998
1310.3517583979335
-2264.8132450670496
1227.4612942498343
1564.6694718959297
-252.7082140824949
1499.9313124039293
776.0134116139733
-1057.6739455050472
1573.3517633035672
1470.4836620003457
1168.9801968532765
-138.96961836487253
327.58522420983485
259.0185407388762
-1764.9472349120904
-1879.9802802957188
-1174.4022751623017
-190.8993655500557
-1005.8049028520677
-1381.6975897722523
952.6814416709866
-12.885370469443714
855.983724985455
-2332.1268757735547
745.3853731671218
765.3188670740208
-2034.9164256433728
-2033.3988475737663
139.21211821248392
1524.3462927869402
1035.2738337309524
529.1314991728041
1478.4770693177043
2027.6257251817303
-744.5749190044749
1738.7927457339304
1282.7784815630928
-743.9464926765982
-1141.8404275007188
1422.7641478030373
1395.934499578258
-693.214875356089
496.41446916325714
1921.205064902325
-534.5854796723227
1283.0921237997272
-2310.074522621099
-710.7380228176958
-2280.450850824799
-1811.4198907068203
-2154.4704126871106
-2428.712968086201
1004.9724878509159
-355.52114160823436
1272.005067088102
-233.9626780504689
-1081.6927339734511
1510.0608534003827
973.1845551927976
-1521.8392615361754
1513.9060941872553
-565.1586325647268
1504.532446481042
-256.7920410788016
-356.96186452016497
1187.4946841452181
1165.2261552008779
-1061.1683786952942
-462.70587966903145
-216.26751525534615
-931.699629943078
1647.1966841277913
-2062.0845335863396
-229.27596006540375
-2438.8789766876325
-2121.1473229127864
-2295.000251421682
-975.8433665580002
-1699.9640000079203
1524.505856265392
841.963341348711
-343.11751491247657
296.4164434247335
1858.2862361648163
53.03176423301637
-16.070980828848946
-1424.3313775573424
-1630.8550982649695
-2291.8467871064745
1760.1042880153875
570.5853518193421
-1378.7461721561517
23.103301145311338
1427.6732097104466
-1611.464884592891
-1477.326456748728
1465.8571399518398
-1525.1654526052478
-2341.7918209612003
-1373.8080703772848
216.24184750588415
951.1501029496122
1598.5927450467323
1652.0893141709632
152.5420551542872
-1952.9232109601492
-866.0294562751952
2182.8464703955215
1067.8728128513264
-2270.281988578439
-2135.548108734296
-34.85275001581134
-684.8218370482679
-1787.3937965016685
-669.309513390326
-372.7714352064376
-2378.646014005337
336.66912350502844
1566.0834465049295
1686.1363296170912
-1917.3437804014993
1269.3307312151298
871.3822325086368
-2068.892252300786
-893.0102791176575
1642.2620055311916
2249.7168586068005
1930.864869018749
521.9810136426345
-496.82259256920213
-80.11353250232001
224.79316517176494
421.6458016836961
-381.7930782034906
426.02723380002357
-1024.6874917893672
1091.8308368951307
728.7552446528595
1433.412848919127
1485.0910399265024
749.3822721981047
1340.3949032481617
-641.1959486906399
-19.45644488346332
1281.6612673420736
1501.2195920280947
1753.0195845060891
1374.166963426341
-1320.0264475908507
-1186.7803012193244
1478.8564037370336
-2130.2190174284715
1544.9450228322812
1612.6229297347938
699.315890577305
1866.3302639265064
-1300.7155018324456
853.7765707476163
-1247.8742768592604
1492.6244097563329
-583.4890469182714
-263.9687363123883
-1613.5575876132518
1511.4932214136575
-158.40356746059436
1285.6135585519773
1245.2214123540577
-2403.090088113067
-1277.7843271750078
1270.970824760553
295.66624715698595
-1079.78455746291
-2188.9238620203905
777.2797540196846
-544.2057451110893
-158.10898974150444
502.6436534891693
1171.5056751301977
-1450.2911833074118
1341.4498493577378
996.0326127172032
-2183.8876685051455
56.07817285768479
653.5213816370244
1443.1220134646476
-883.8307851373634
1327.0287514254408
-1675.388936012591
1391.855069903107
-1131.8351690787026
-320.14851237887996
-2027.3792613116914
316.43612755939574
-1026.8713982377092
1006.7959358382845
363.1486556678087
261.0083545231373
1792.5809536596778
-891.4774992541352
196.7058733007826
-2039.31948164087
946.3454095009939
-1572.8876611750552
-1998.934677266452
-876.9150123362351
930.2331186422047
-1704.29647749824
-1133.7335854061948
1206.7515993201228
-517.9919529695832
197.36602538358295
1632.638430857784
-1111.3361693215672
802.5850488026498
279.49316518617707
-103.73080663395429
1383.0739319338663
1375.2300949898624
465.3237138125965
1227.5290383902338
1542.637590503976
-1578.0030664509893
-180.8157022677137
403.6692374064393
-107.05666596661223
-1104.065054554525
655.7247767827879
-1183.7941453570056
-1439.372201250379
483.5930277016559
-1974.069771450414
-568.2883753014562
-1039.1079031132522
-1021.2185960436232
1130.4166849478752
1325.3877251148385
-443.496020337778
-1393.9169324128004
506.89916897406596
1079.5653242648723
-811.3595981684613
1037.580351906546
-42.24873934558116
1223.5228793483761
-1521.339050378875
297.2780912217854
-1835.8118214536398
-1480.8402346924381
-135.55992189000165
1140.3582694412614
-1518.415695080888
972.3925676437054
1185.8448942328298
-615.6927380595403
-1145.2131253908783
943.5139893138828
927.0459872458865
947.5738740690055
-1389.8611653356663
-1143.9105936687265
-1555.4847116416345
118.81924850483824
-878.797775925217
-647.9893488537591
577.9047408346354
560.3874301980654
-626.2562485038691
1637.0087289295318
461.599507435795
445.00592113997675
1610.8274881680215
1271.4527135828855
-502.98328383194365
1641.473885533428
1564.4891511927772
526.9395902504757
-1730.5546752773819
1516.872781002266
1623.1911566494844
1683.179607187221
-34.21216994681626
-1052.9482572597751
162.04819413941593
1565.6488940032086
918.6005703616289
1414.7553387648877
527.0867002939187
-1201.7560621700372
1395.7362848940077
-475.3939199171497
1263.2746574257228
-613.9750602210005
1490.0510351783705
922.2792671905516
-386.76501651776493
1537.6630009352843
1515.6039405465303
-1466.6387358977368
1150.032143656935
40.65931658823671
-647.4417910737341
-781.8325015797622
875.579315155126
1412.4914888537712
-1104.5798205107972
1355.0611707646483
1396.584209248761
-306.4589364751217
1361.290933266155
1084.6421682268954
-336.9786080219619
1132.6621420089602
-1214.9327181340416
-1460.4164310590982
1142.1025180599306
1461.0839854851943
-86.42380249172555
750.3547577020292
-463.228999777525
1389.4748748689917
1451.4188470652136
-142.4532791314569
591.4710976241173
-1452.2133133839216
-1964.585596036726
427.7556059887562
-684.9436863518893
538.8974952924501
1465.657094993403
-1008.8033302289055
-2241.231470257988
-704.0315081087068
394.824571162196
135.70098820614618
1781.9462254846892
1749.3098708687
1336.2702352484885
644.6562003618935
1763.463610443958
-1949.3591445689153
1869.0510930620324
1919.2244448839579
-2000.4946877123734
1546.6633599840914
-1359.2287637369411
-374.14052816821516
298.2676429173766
927.1350612869743
787.4115406202246
-1798.9188971459412
-1385.188880703477
438.58199944432624
1014.5531912738599
-104.84686471232297
1015.9766626104295
-2052.0801794367235
-724.9783402878139
440.67030742598655
-1727.2145397654774
-674.1720638452763
931.9706124820643
-996.131635093379
249.7032294559038
-868.4046709206144
-2085.233857019759
561.2346487317965
-84.9383931548976
760.2572712755695
1096.3043154835743
2174.6196790510016
-148.9118577676246
-897.8974094239184
2203.646441077173
-78.94370483209234
-11.917669508513807
2191.544739384941
1690.5746020904432
-1772.419271258376
-374.0227109921735
2139.4403823206717
2057.9816529885693
-1364.110645250961
12.703023864556272
1533.6580134465075
1324.6609876735547
-1719.7358762745162
583.9664470628832
-872.7072187169639
-1115.1493974097805
682.0288105386899
1352.3934634675154
-1988.6237393176825
-1112.973281521597
1492.0436201604905
1817.440658120362
806.4184476275508
-1976.0976299936647
1702.7268060776287
-404.9019806228742
643.911541211244
1614.5045179632107
1416.007797872634
538.4968011583279
-1336.6034347877119
-494.8331609505668
574.1887794646938
-63.00568056982314
1271.941699920154
-391.21005763479417
-1786.2556891537345
-114.66068409078991
-636.9965617400162
-1699.2405184728943
1047.7732538886391
2269.7247943641178
280.17025644178625
920.3722136133453
-938.4020556622013
-1373.908206328991
-584.1811628690767
207.84502068273306
-1646.5244561252373
-1176.9390680521356
148.4251257823216
980.4985940913521
1563.97463704831
594.2436325796106
1560.0705974193631
-216.92590088752084
1142.5724018677226
-1073.4388888264145
-711.8963529002617
1075.7172892259125
-248.9114032484579
-1792.6341051426525
-1100.8530564258467
-1018.1991188609256
-381.3818551601213
750.5382078297339
661.451153196634
-1915.3601049636577
-1112.9166138616204
487.8027183093181
-320.67589649409535
491.6670757769074
907.5053351211947
-456.2706907932388
201.69204530622596
1861.9530386874396
70.46487227278828
2043.921909895318
-1079.5537593278693
-1333.7561532500579
848.215939113118
443.25445654480916
50.108125798562334
825.078882473869
-119.42705708994413
757.093210172752
384.42414998822466
282.1340759549229
1119.4929241195264
-1544.7328002209772
1589.1042001847316
1580.8833449202389
1474.55409494667
383.5859068087679
241.55289981584963
1743.387824966701
1661.774786412485
1761.1809968294917
390.4457811784524
-1286.087953512011
922.5453932548276
-435.3951712364642
-892.8746195638679
-1322.6757691149883
-1105.5834331654341
826.3946777936086
867.3899871642424
864.4684025893134
-1536.16404539127
-1963.1880060162714
1524.1433714632803
-1195.0618343607355
1530.6703336159635
-434.78151562004473
1492.4063276839063
21.143429195914734
-199.69243436934485
-134.07069886340744
518.5521735145913
-1888.6872952419765
-1023.6352613555455
-521.1267958247082
1444.4353241819779
1463.1201590290314
-1044.9208895827676
-2212.7933402319586
-729.2015057259458
-1633.6388124000323
1201.127578416396
-993.1789229796584
-997.045002633353
1217.1373550114145
377.4834270064275
-1730.507134788214
-417.4933382316337
-231.17777928788385
-67.7967490557239
-1334.1540653937466
1019.8472056606669
-1763.1505628685625
-1306.4273825247337
-936.8224816405043
323.27838621893346
1457.097902257529
-1143.3829968555024
1518.5981951630913
1100.4102904580473
-1750.1087859485688
1122.5592324398594
-2225.244374039069
1098.506794990483
-1132.4183332419695
-288.86274500215166
-353.024588769966
887.488298220859
-1927.0791621189144
-1818.0416549559882
600.6118787985973
