-24.063614538097323
-484.1121891034236
-35.807770840378936
-266.2560094865474
2.2494181641695334
-235.9690873405811
-513.4700975296543
-324.48990068976053
-401.46467991753843
-200.1006682726321
-111.04445020620011
-753.7733651189224
-90.11831665814081
-163.22769954690966
-48.43193435858447
-99.71012444121394
-97.02597114992685
-108.93487654062383
-96.18170777537662
-206.97347804941492
-335.00552367060465
-371.95909330183923
-388.2027063746902
-85.19856754584553
-1074.783313976877
-571.4560508359918
-255.192802385026
-398.4493458481607
-135.2384970765037
-865.2631029751609
-107.74978120698565
-161.89464590313543
-434.36573554470846
-377.9680006244197
-451.9586224092121
-190.85216238981533
27.90578438614298
26.727991101707225
25.898746563020254
25.386518166655453
4.829221050324943
-54.99388895635023
129.91046580266138
-387.70046838916267
138.2544584259367
-30.274709513194306
140.21709326321428
137.19890350885134
-31.112774048074616
-324.7420970099951
-1583.8260508484163
-380.5799779602735
-1167.7638346502627
-769.9338791903377
-926.5760894712879
-278.10367604147854
-625.2072678866946
-216.45507040772657
64.24075370938199
-535.8542329573846
-189.29654289750346
45.53768241023544
43.01248650956722
52.14969738416851
54.03102771707774
45.66395351500559
-55.405590087539984
-44.756625848842006
-63.38158984145362
-66.35917560051358
-102.79207899300134
-408.1970436841259
51.720706534827
62.352103212720934
19.957998342615152
61.88300928025224
62.80309902321825
9.069946834017893
88.36768564598079
50.85772365431866
-106.75625880556498
100.38838588809244
-14.574639739263173
125.92940104585719
-786.52811751588
-1224.8108291476135
-234.4488225080328
147.87856753443728
145.07439554051163
149.93074208092324
142.73730898216326
140.94157581201569
-1314.5865759896908
-1450.6866448279948
137.03372393838094
-2100.070577852401
-410.89338016503706
33.2443620856862
-951.716027790429
49.73346615642484
32.55045445590116
84.42437909721
11.030293919375357
-1.0595094212029004
3.816837682063615
-21.90842608963363
-324.1059109104948
-85.79038666166468
-854.6421095848484
-613.9699460067771
-1221.6555729042009
-821.0607036944642
149.3226355774065
133.34740152453816
-1089.7253685974663
-1194.0048865668532
-41.48559221348017
-826.5968288486264
63.85491877233959
-533.4990593089018
4.4816434066367705
-553.6649637681053
-798.6775691823365
23.45781016678943
-1059.8004534473869
47.90743411243458
175.38209702413198
228.62955902134013
-711.8117168393535
225.310351968317
216.10287531171707
-485.1189133578759
68.56969965859442
-651.2322720346215
-1225.9445261281446
-73.561112205408
-743.7616672843106
-507.85209621470364
-23.276918291899612
-35.3297898451398
-30.938150927994755
-381.3204910426132
-205.39081501736615
-11.355739858877808
-652.926106402777
-237.12556116807906
13.281030146544108
-379.63038303287107
85.55232395951224
-226.4877729573087
399.6518200162066
380.0185873632107
-446.7246448591005
397.79886021411835
391.0935039469128
344.7046365440359
-929.998262706068
300.7604208089544
91.23649347019355
305.0289992695197
257.5696853434117
304.24072700178283
91.95885602936022
214.65322965432713
-979.8768991737196
-202.2607868089392
259.89660301874744
272.6983959737907
-740.856207850266
71.86912998448146
-10.075456370779314
71.9790473066786
-599.7031905224179
72.35595019235136
-286.94167811535806
-264.53507049718394
-1110.5847860471606
-1095.5887020786138
-39.81723969536428
-115.41231426882673
59.54263201581353
51.03108804983411
-819.5158122520761
74.05761443493407
54.71803054808256
84.57445247838069
-103.47475406651552
-326.5533109576862
-533.34775795557
-431.88657719924294
-802.470375766632
34.25494667637718
-1012.9991108414049
-1202.5687689672588
-813.1414687122482
213.99629153174996
233.7120973066878
232.3278865244712
32.94422460503041
129.64798588255906
-72.62069882954762
24.606403258746305
-187.54404083621682
-212.63689699313363
80.46549831959877
105.1636468619722
-1046.86176455623
70.99798209609835
-109.49535568869734
-392.1238410005808
-53.37070214461029
-849.5868497760027
-583.8928352315952
-630.2400750701036
-20.468839195299164
-589.7901153413192
-12.208281463203207
-9.991438393011672
-12.23228469785876
-12.131135695887803
-26.80865990597027
-45.70797183168921
-71.45435855988346
-382.9214352660513
-48.80682700333985
-26.011005837679512
-624.9677924645011
16.749937253448095
-1163.9088610957622
129.67220407281525
161.3093195986379
164.4314446652884
188.35258888521386
194.29100589677915
-106.3314516312854
-796.1080243304607
-306.96582772682245
-101.62678245510793
-414.87114234544015
10.133017694475225
-45.21776630973048
9.211207335873368
14.954441567980032
13.901462882429575
50.412021578710885
-3.6747541511055717
-2.987586163437772
-213.11263730266663
5.979110928005497
6.586851168940811
5.9515330942380675
-10.316833850050806
-87.02072863294924
-95.01071590556722
-87.8645648227563
-244.39232100740196
-49.32971375272557
-449.324992469307
-77.12417874604226
-24.218785740086062
-584.9013514011594
-166.58162470494275
35.27484740784457
-94.53293419844766
35.73983711061399
21.178737427389652
39.836809817790815
39.82403567879094
60.725131002362225
19.62533219410191
9.7496655084331
-287.4217263136285
8.064322845167613
7.494938321699151
-58.5938070077345
24.22356277530522
-174.5439599114928
-10.50766176065959
-33.18735317363251
-30.920256150699387
-35.495233569177195
-147.46796672268985
-628.8549551656928
-49.35817462064686
-59.57075147557313
-80.40272618655924
-41.16301361523685
-63.390322680183516
-583.6238184985659
-57.87563179989451
-61.04738095756246
-71.11319647032255
14.73218812204923
-397.24983596273773
-846.3904904750096
-452.2890005425884
-841.5904572325935
-252.60082202914094
-137.25949495328683
-622.711684508846
-324.55248419244214
-101.4049731271205
-115.37258031497252
-549.8763715836004
-81.86855806197248
-327.69360150888104
-95.5810181747579
-124.7270782859317
-479.76133815362556
-435.8958978578278
-103.28467908673883
-372.99182548898943
-664.9311014890541
-637.6271740728962
-960.7982988276532
-752.9522707685768
-192.17817323471388
-248.07771678333756
-188.77649349665666
-133.6538493017212
-243.3743328492517
-1395.9573897377818
-807.3881596240808
-1147.5329464925983
-286.4330539523539
-1665.573763135329
-47.48285591701074
-1035.0712232599462
2.4393457407786947
-501.3305910204074
155.2771687361477
-111.33026911446227
108.6356581775204
164.2936282975395
173.80684978165615
164.83893857947803
666.2882659394152
688.0087532244589
-863.0949304043538
-1552.521051110247
293.39152426026914
-100.27342259841713
762.6984110795854
-250.1257374689047
660.4432768697438
799.2592269742695
753.0682921561438
226.0248026781895
95.3549487228642
98.30857860734139
-940.1657058285139
-483.3033508823837
-1401.4263479569718
-1350.9070752884688
-267.17709573644976
-480.3495333248036
-212.21562925310548
-1014.8584618539975
-1299.4568679541649
-1122.5852983682228
20.032945123145552
-1662.0496036467814
-1042.5957824554307
-828.3731882835845
46.191177479356654
-972.9161906136827
124.67464403114357
124.02599560614057
-87.07335592323503
123.77785335922128
-681.092671817203
-732.429076299861
188.82382010959688
153.82600624744146
27.91271245973177
176.49082776200123
-756.0885152098174
175.61530909350944
-347.945967519746
-918.6508115497184
447.5958959928269
523.191458153714
-159.55247687694666
-906.2022217173414
165.53043314803597
144.958108412302
-597.1891277091876
112.84121349633548
-668.3131911265644
-1122.4973939964104
-126.9112850054548
-1301.2679517579836
-547.909113737212
-713.2923423960328
-1226.5939198273247
-1204.091209269812
127.06398926664757
124.36828415014477
127.06662682296704
125.58195340386423
111.47692150842089
101.35852474470626
-922.2592787486741
-825.9724155302652
874.6303870152858
-1382.9012662345779
-1172.6629779340208
744.0341864633316
132.28494896515343
-1303.3150189525707
-946.3887688408619
53.950623517512234
127.2959785376053
-79.47473732198743
542.9312365443006
-1189.840167372318
93.72682820211745
548.2405523677187
-702.6163548638646
-78.54163498947567
879.6946864418865
206.08238829867486
75.82743359244122
-1099.426624359174
866.1688613876718
804.3266949225297
-41.16833913388414
-50.355746003040124
-23.243884649582995
-12.58710783042042
-221.495120537823
-12.159604938169501
85.28868967750691
82.33475708145716
85.80348951191183
88.29446359578958
-64.69009927173002
2.5417637793259034
486.07931611124053
242.20240315025143
507.4744865613809
-1155.785312102493
-88.10028938868906
506.74751623249284
-1356.2505135656077
-406.08358819660685
-1392.1521448205242
-362.5331426419085
-673.0592262383291
179.45064675758925
328.11040491763674
330.5483303232536
-1099.1327360651558
336.90679088967397
-542.4216289443843
336.5617124532714
-645.6115556213305
91.48154324340474
-737.8853912178511
5.319194106373661
-440.57831514579163
-17.85039776705624
-374.1358808899725
-442.72479027868906
-220.20553933315983
-799.8917391932996
-40.034975273062486
-227.27846990304937
80.30991867285105
58.19673472801914
-324.2118296636683
81.10668125487402
-29.94886700475748
-213.01599138831241
-550.7604288657733
-307.41243478986064
62.92115233094992
48.46954878516127
104.15311261621511
64.79428120998068
-307.75497582071876
241.45240402823336
92.65697850902164
100.60656362466503
235.92934432398565
187.6114805541901
76.12938925716225
490.52873889421636
-457.4947888903965
-212.28384080949087
-1151.779796860539
499.196087751736
858.3235492505108
849.7636732211762
887.6866348591276
851.9963710418701
-546.754255768785
-583.9332920663034
-118.29085365905804
-312.82470041243556
-74.64830260261908
-526.406315910061
-187.81083951788716
-128.73288441377832
-420.72028451851696
-51.62380743317771
-564.7811030606837
-750.2299024201469
-851.7073839273115
-25.270676943276865
252.58640664529545
253.64643849871382
-1489.7693919445032
-1596.8146923445297
-1372.6143402444454
-1087.114643861581
236.05478928132115
-238.7559652115489
229.91811384518095
237.88176024392644
234.46047650911876
-748.0532151034361
-650.3990252120458
54.864976130091854
-1026.881675466238
29.50132497207003
-262.42162069192466
-708.9121021208991
-171.26871650461155
-617.6486578737871
2.877246679618505
6.768760353814871
36.98802880186334
-272.9560220235362
20.699090383460003
-5.043858108004988
-182.2798164886268
9.231305451376548
-485.5224710767486
3.1591393936644767
-45.36938977443458
-121.79589687971796
-706.6317525963199
-896.9007006540121
-364.7328374935193
-303.7492823856784
13.8034526562288
20.919522743645974
-385.52712169868744
-413.5390116374718
31.08688122595241
26.405260429829845
-58.372192049533844
-829.3328926282704
-44.50435478230648
-590.1059176585138
0.2218600614030004
-636.2162856949931
6.037454135850288
23.166722849212633
23.212104027557796
-3.46140155754777
-431.7816470138682
-789.8824659204463
-483.4021398908509
-148.7979659938277
-1516.2696927969218
53.07836150418677
-1222.2291719979348
34.92254569534137
-133.91438579202833
-30.341174735006557
-47.274313038230304
-608.3870839992794
-525.8206837619188
-77.35783739759555
-38.21849366700065
34.00287362737999
-682.8463604965121
-1125.6494710214745
-378.9347455068205
142.94650871202919
43.271576956828696
-308.67330195761815
52.02195632807928
-1073.966754211025
-168.57030325837206
22.53753623650648
86.10306149214043
112.7332049791601
109.13533685874626
-896.6587496220479
105.98538324007728
-1198.760388479978
-1105.3340257650661
21.79046927809669
-36.19858456174104
-685.7541083406603
39.643908350601606
-1409.1638332323537
-1287.5328438488139
-1574.3986677824118
-3.2868319817761535
-926.6522767783583
-424.3275978428592
137.93025235900916
-118.95854563185425
-140.4679477052621
-1473.3333872017472
-1007.7538761316673
-1184.3315141866638
-146.72875833198862
84.82015679730509
67.94408192248659
-1111.5745038753937
35.06497808309663
-240.91739729764512
-655.1865369020016
-754.5843045292655
-710.7940627198639
385.8421501353498
-401.72942282113405
-1534.4067352645839
638.0499801664589
-2123.722227943164
225.11666029953685
-1784.07137716121
907.7998924096848
989.3790433915499
976.7560323098833
729.1265290834741
738.70979810704
-2058.195350658065
0.0309394599320143
-61.2290016709921
761.7113932363728
-202.58777310588334
-1874.4038401728537
119.47894577483257
-946.4556911809785
400.0279254190088
-2161.5510514560547
-858.8384246532017
85.45971434035445
-1347.6250593616269
86.29723335154198
90.00340746606174
-251.65702033180213
-1299.8352930791102
533.2674921377939
584.0817902118162
502.004090337766
567.2810592656515
550.3364858753444
871.8659651173227
1397.3131634003669
-366.0996007577083
1069.9004508597525
-1830.442096478074
1375.4700113832116
-1119.64400782224
325.55860422637386
-1584.8650074963457
-2281.236641147646
-2454.4162715898588
-2318.0685301099707
822.311521903356
359.3730696468167
832.4156888288505
-789.3230285250763
-1988.9961015609572
-1784.2572897629566
-418.39465624775596
660.308511695267
-1339.4292540640583
687.3947734320639
-1172.2797941506763
-568.2208231566319
175.14547512600532
171.0653013690946
177.76038516116066
30.39537421457122
-803.9589595684943
279.46131423746317
409.46853513348765
-2163.58167801188
-877.8903042240249
425.47561976755287
467.80608988217557
-1402.5286156890327
1067.28797896918
-341.033555908326
-2211.305267538746
-245.1717045502363
-1821.2547045363287
-2087.1214748981542
1390.265737538554
-2054.3862454681926
1402.1022885767031
-1587.0406728326323
-1056.5959378069163
1424.1539342123097
-689.9022558172443
-512.7132514518784
712.139444310903
743.0704652059497
-846.6913098062528
779.5950857076633
-893.5596099658892
1212.039365509026
382.7073059396713
971.7369773166997
1249.6668721817093
-1322.8419978229374
113.36323250387238
234.7609764327299
235.8171209219052
236.11866177604443
-605.3752334782748
237.5344518609474
-3.876073635004616
-975.6403825391158
-937.3197008466768
-1608.2443979692925
-1068.6883535822635
26.502506450241164
1126.9260933078008
1121.4547916813058
1012.5188694976027
1154.2795964091658
-2029.4768612885182
541.2640742963754
969.1229576101604
-1863.221613384983
960.1831794047437
12.511618112350362
543.0067507361788
403.36412730289396
-43.635743384076555
505.3802228634946
1240.9948124788734
-117.05791573151163
1208.6262412617011
1225.079307869849
1368.6451733858928
1119.1064778294085
1339.0094635599876
-298.95858959113684
587.5839448424348
1342.1657835481956
631.4886027271681
640.5910667597576
-784.0180814198524
654.7257788975171
622.050672358827
633.0856817041952
-17.545306493662483
209.73038670281827
213.8044635196342
-661.4991306868749
178.95648967740232
-316.037389582543
-253.32928641777085
712.436156938053
115.665228534223
157.7264974711224
-773.7987228357923
-2450.145068653913
1406.3677086996374
-2040.0611934475305
193.03292147435812
-581.6132100869091
-928.5617008790251
1426.3972568310796
-1440.0450653410794
809.6802283562527
785.508411610998
-36.04371168240121
-275.87024316572615
348.895575140891
-1485.1970795932339
-565.6092229787758
505.8354219235829
471.80514702528245
-1755.742815298808
-344.70301846660396
364.8206371041869
351.76816070041485
-642.5501950750224
-95.82713320160482
310.33008082640293
322.8500711624532
64.66008818017511
65.8909515804443
-966.6370002128273
65.40608797375258
59.75886631426893
-751.7524431934403
-1862.0414829904237
755.1089444872541
786.3497241927817
1002.287555029169
1200.1920930408307
1207.7456132717243
1086.815819251333
1057.7142915241
-1209.5809501944566
260.78051383426316
133.8731567385504
-1031.32295082125
-1124.2389349641676
-657.3547746131221
61.4326432638107
55.509129573029
-227.57632552319717
20.834759490452534
779.1500555305411
-987.4317613778812
841.0851072711616
-2277.9774031654765
865.2553402704343
-1628.6678463700441
209.6054772897962
-1160.2855227748207
221.9168388194181
-1923.6866441314978
287.4938247434398
-1221.0111742283918
-67.30690068215227
-709.1498095883593
-23.088716038355702
-64.3216600284793
-500.8122068190527
-25.04114456893667
82.49773358521315
66.28264571844521
-822.2635459631044
57.9301396807345
-574.042193726688
-289.8190921335335
80.52933569556646
-122.66688096877873
113.88213251522372
-138.93476200123158
130.91507393943618
-1031.258052121116
215.88259627833637
186.41039214860356
-27.399404475281017
208.0628121523171
176.79958705096203
451.20458657042536
-56.287173730102566
125.32746918318263
126.2841489262259
119.86672512150997
121.86374572431352
-810.8798960523985
-1491.8355145163996
-1453.1935335966512
-1593.9584636486122
-1447.845078925935
-62.16869530764713
-1620.5432647594944
270.4782956513227
-1000.7387084752389
42.66941910050735
242.3142142695801
-463.96273685057093
-785.0082804580247
100.77977479320231
-381.54747461406686
70.75956362074143
85.13823716414387
-729.6833181404971
106.32256315036798
181.17526788161146
216.85657101894802
215.11147979257538
203.13737011970716
-712.1028021502768
222.40080046808848
-700.9818786349242
-1258.2281498994498
-66.93976543679027
-275.33587990315823
-559.2089608137925
-49.60184918307772
217.267759699228
-724.3601095470583
227.3335204307768
230.61873026810642
195.40672795294887
221.99895458630002
-1156.216562430457
-68.58933902888195
61.690689214833526
81.12636792551648
-1189.402064373416
75.08391834983722
-22.965406356646163
-1310.867679053839
-1308.0043276598028
703.4678884241991
-617.2354205974812
893.1750594794031
-1316.724477633518
775.587384147196
666.5296781074429
782.2094450233916
483.8439413588002
-1360.1888913322314
-1965.3199670717863
-695.6533111839899
885.1181152697726
797.9775886233008
188.98561549041216
327.38790061328444
197.15614230979259
1291.0252780570622
-137.38647745964425
1268.0106674676108
217.81843390089605
-1123.8253482782516
-1226.843121885221
-359.4274846634888
302.91778634693935
276.05014652922563
-1709.057734231865
-745.1262461643901
-396.5149297858672
-251.04286305508236
-693.6876314245213
94.14931752748797
-1127.4061685657339
-216.94450784288168
486.7998343786711
478.680207696726
398.4561496837091
-11.874641939709553
490.10232408042526
138.83581320113757
-436.32610252673646
1254.5045125193542
1239.978894983872
1248.1489521946921
215.91002600448874
-417.20539473578873
-356.23114700318735
437.5505835371001
812.7436225862834
801.3956367270423
-109.18140286694725
-1082.6104837672954
-327.03643870473536
-764.3705503707195
-1409.0548587046637
-216.75034917520108
962.5666465919818
-1261.7789412968968
-669.5694172933465
-1141.3320904878717
-939.1173733476721
-2069.2060238165714
442.43724226705285
-1189.0269519717554
-353.00713563015273
597.4510799232443
585.5307631846061
598.986619091031
-1768.425648579294
-1428.8859499610787
385.1912986907261
709.7640136127862
-799.0268754031827
715.9884597904485
696.0361524090118
700.2146157516293
-380.9974996853474
633.0070720391624
-1023.2497072120128
-1655.235994539218
556.2147438433971
745.6494495270822
-466.5641306216532
968.1787841256789
1160.3059122257823
-953.9961908451585
-1012.7053457860936
1100.6278474291385
-307.1959804584529
-1384.3221291442724
402.47327374114695
359.4732615512986
-129.77471924121284
-107.6538421733174
876.9954041407799
-1010.417643977626
-1288.7181832550293
172.91636817212495
-295.5919822054076
-679.4286851153976
-241.95602308344047
261.79377796361143
248.09267814010815
-909.3559523209437
-812.6198923458531
242.8111553305609
-95.49349011175963
9.176358676852129
-843.0474880628808
-689.0192165881792
-27.235823228981626
-1300.1015537246972
-1520.613828420766
395.26962734429856
-418.4437581342256
648.2486308110102
143.34312415124302
-28.428985664598684
-180.60176145799568
-972.3332882473352
440.29943911068904
-928.2532826735106
125.2114698004204
458.4373324762886
-990.2603183669532
1039.036278417334
913.5509198931924
456.9418519094344
991.891388090052
-104.44979902005446
101.0977758191284
-689.6242702862669
-1902.465753441178
896.864215671167
889.354878001372
-769.1714105815169
520.2752420550261
-1576.4989306415048
544.5994533084627
-655.908877972728
111.01368780520878
540.0665460014609
308.41456341501714
-191.78540805946756
-1043.4872815556434
281.91941417570575
-1234.2444883284409
-528.9008679365692
1170.6274587397827
-768.0959571918044
-1536.9232842378374
1201.3628439209722
1187.0899484200604
-566.3101961870971
-191.50375968782538
-294.8816202138845
1074.4315269382673
131.65171067456367
754.8162212100311
1186.684506108219
-1324.9756563505064
-1585.3213118359308
-687.6017006804431
626.2399658133318
-1090.63911973471
643.5489539209709
374.60926970932104
1242.4732996197076
1240.469619659263
800.1898490247361
1210.6375954952791
1037.43527755302
-2008.6469522422221
160.30007207410722
218.76569494306676
-1337.976236885147
-199.55432402884327
49.22694111034804
-238.12174619456692
-504.899021632019
-136.59302006445228
-1088.9373311676245
-1160.1738309957752
-1337.7996981594622
463.25111489918004
-575.3689024395724
778.0923588731155
786.9961055343731
-336.8542629153412
-696.7509213924009
738.2924841957642
912.3296340863128
1340.9779972536385
-1466.8034735767583
1347.696509617352
369.0095828144372
-1689.5378530048872
527.7271841477856
519.9020259456034
-654.6002816411708
-810.3556885551188
375.5575546741359
646.5354040055951
218.94223865619622
1.5618646878471978
643.3105955989558
-852.4103134232641
-648.9655072543234
-1723.1377764224035
-219.29467865267256
190.09900048763532
-518.1377171811762
-686.6023474294337
-1217.0704115152607
-91.01856079019844
-845.2618485681539
-75.89528849396599
-836.0388550644875
-754.5679669404694
-210.1708948886027
895.8601857661029
929.184405741159
-610.2491542469379
899.6052851492836
-1343.0233099501954
-735.6766652969183
130.89172408968813
176.94710635981824
179.37134012171754
-1111.8483843620565
-933.4392525935726
-1414.0017198486064
598.8476185721828
630.471447288592
613.5997969511375
-115.72666620427361
630.5258349412857
631.7342409983726
-1053.203377174555
122.05989733747195
-1401.2180107136169
85.18446676282673
-33.190368695758416
-1150.7551162962523
-1048.3229704487603
-141.66154673167824
-595.3383356983107
-148.69648298600504
-857.9911880965954
-125.46980702409175
-961.9021699460541
1441.579448982935
-2242.8374543566556
-541.7002839704826
1518.6200074394108
1498.9288218962972
-1822.4118146914382
-2106.507038984086
905.3679037937661
-1482.837486592733
126.66954669965314
874.7279605074368
432.2734017880864
-478.83342281899667
-1729.8304765390506
1073.1085623308988
-1640.3699608172574
1093.3125248514443
-1686.1006028453453
-1620.3464670826006
881.3472970220466
915.4319704195245
-2021.9712686660355
-633.5486462375819
-1009.9057391887911
574.5907095439618
-1455.6785273517542
-202.16414559832117
-929.3761754650737
1017.2973427462529
1148.332532608196
-1611.2541370337863
-321.77751865701424
1178.0803912585545
1322.7805342198126
1237.0146170630107
400.8842855921328
1247.5188376512265
1283.4733809046168
-1413.104336883717
-1845.5954633288964
1259.5090362180022
1621.6086630900545
1675.5012989111003
-1634.642239877104
-1483.2775299033804
134.4066043503689
-938.5805419135485
-2392.6270501344916
1257.8915543310222
172.4667807513458
-1239.7215805390504
1251.0052137492312
-522.565941684724
-1210.9752326959235
-307.9853777804209
1669.0586194768616
695.5545843724725
1837.868710964949
1853.6691032506067
-528.8574597405327
-508.2799485490486
1183.4549272971399
1579.9240637511652
1550.9669648245708
-266.6290348858802
800.2969731563381
-1162.6782750913883
777.8441172938838
-1898.7280585452122
-649.6544032074524
805.6070654054496
1679.0578100920868
1742.78953440637
-1694.3264719139145
-1257.5320718322942
1673.3379944668018
-1291.490315562554
1148.4875251861172
-160.31465206990947
319.0068672891694
1180.7337680491482
1115.8358966872022
-524.4336106629178
-642.187751159185
-2351.4484169200528
-1599.2162634864155
2283.2105264812985
653.4471828205945
-902.8814109694167
-1405.7545612624278
-1199.144325713521
1593.3605168258691
1333.5365356852697
-1707.1218088056416
-1764.304249600334
-916.2765477497584
-510.9678290197534
1061.5075579422833
-70.95213680605076
-1398.6564969485366
6.712749001568078
912.3185153078534
-1982.7464644523805
-2059.738504483908
890.0614075559313
-581.0205208864605
606.224609491211
487.907389426715
1116.2504851549268
1129.3701882412727
-744.0282580728991
1073.3555710813675
-806.3101086799581
-738.1012104511658
-318.7425489873147
-2264.495407062549
-1296.5404364066073
570.1276109399739
1314.3951797081425
1969.6961539875617
-1081.0490110096255
-1968.96363243373
-127.92372272542374
-907.8127516853096
1141.3599120286483
-217.6000739178313
1775.467905545454
998.7588611354786
1150.1204158607593
1337.206105479311
829.9699513996295
-627.3018442019261
1663.8344772197163
1919.487719361814
-2052.8262332615377
1492.5983553176152
1576.858259236234
-513.2081276856287
732.5345495826135
-800.0414972868947
-767.5560513092711
1831.4860976678344
-2078.433530466436
1631.0382248322103
159.4446162907384
-355.7928612821959
-2266.362211358989
-885.6488490258306
1556.0876405994088
-2376.1775320335846
546.8379761035019
-566.8161607196805
-80.51220908428802
-567.5865582896611
1658.566146161082
-709.4752831536838
-1478.341247002367
706.6894070288387
1869.512535992603
1854.0488285403694
450.6427084449738
-177.81346269292078
-1511.2323652462017
1416.6436165612756
462.57207601638373
-443.2523396636423
-2039.32454198543
-1488.1218990590717
2260.3070127947935
345.4675900340426
-580.7169997428218
1721.3746378924238
1722.099954789172
896.7633944749081
-1017.3622856862257
-637.8318125494426
730.9204209447386
-1947.208046039129
-1837.7148797453985
955.9915584193712
2.7896636126542766
-643.0771121201719
1377.612602011142
-240.4565799921452
1452.693254601772
-1266.4411043710961
-1843.5242822191988
1807.7374406973568
1218.1335487739836
329.81102352991417
1836.8013665835374
2226.740963857307
541.5591371075041
356.94012618065153
-149.90365802901695
1114.0413994805758
-396.3136778890036
1981.9827163393877
-1221.2138465328903
1188.5209060766795
1057.3492402992736
790.0002761046304
1963.1531998059809
-936.8435081564969
2046.207958931204
-2419.857883934117
208.44261798809382
2057.9929529120186
-340.80650683403934
175.21122736365024
-1822.730766580279
-370.5499030438703
-129.75808639620453
-2476.4682385327665
1390.0173188793572
16.559975215779122
-1942.845248070528
-993.485571152189
-1872.0651986537132
676.0541001653636
700.4637084691243
-1156.2320060162513
-2385.1577946637653
878.1899048181407
557.2541185662111
-636.7145618438227
1815.6004623390647
-2180.2352820336473
-1729.8828254624398
-1909.4347725923894
-2162.9223447447184
775.2030916543315
1320.2485172847068
1493.5408361427528
1490.8473981188947
-287.17525946479526
-852.4121691143505
-1315.8869761246217
-1432.2868508674742
-2197.0326147585365
-2328.566942029269
-2126.8060193831607
176.85390880515072
-452.5304973077071
1782.9333087406167
-2250.073243700415
-1160.9070774187173
504.82769984462715
1411.3329214483704
1464.8783989251574
-1910.2149575596677
397.4672817702652
-915.4008517481963
-1618.6882953430131
-1912.2802243421697
-2008.798858803297
388.9469060164325
973.123495254693
-1228.827838660556
104.77625451259516
-488.36332177381576
-1908.5279717671526
964.7310047544617
1196.3627970623713
1236.650908054666
709.1094428432245
1194.076682066844
1006.4910527104537
-2457.279537287654
1481.3698548727305
488.40530858964524
-224.9922578690573
-2026.4345623752495
1355.0459441512241
1596.5148344877566
513.6028753037417
-1088.4653315694811
536.769845631128
-791.9061212190715
-1060.650316317966
-2366.6677201038124
-486.9539676911422
-1830.3690587957522
-372.8831928854585
927.8370065509095
727.5213960396953
935.1294617670721
181.56475949057295
1336.1208459851537
1360.3334492953363
1421.3023628512663
371.3643367049313
-564.005707069926
817.33531278775
-420.38766030687765
-196.82367435937442
851.9084502026781
-170.5634772506809
191.85842692688414
1224.538845965978
1101.9552772331167
1101.4153437951059
-1045.0197729445235
-1391.5716438792078
-1676.1889335942585
-2073.2032159380133
938.1875347825105
84.54491719241601
1108.6432299816993
1059.8702469424445
-370.46123414374523
710.2947064352317
-1644.6369534333508
-247.92407903223614
197.80195636391164
-1328.8483211205928
871.6561334607788
953.7885107642242
979.1593748151441
907.6265500966292
928.1622020304139
-660.3004543902823
965.2808634300864
-461.633331881672
-1169.7498052687802
-422.97979109421783
-1383.2779466033046
-69.83921953854814
318.17096161117354
373.0674446420407
-27.91482273109736
1137.283283364918
-946.0545295867817
1661.4126731699687
152.52143013802544
772.7158047740234
1494.8136647306037
546.8808879688767
1545.1073591971501
634.3151817345228
292.0815803471144
991.1715771002847
859.9921110158061
1083.977876955724
-1556.0968007663673
-940.3665703945744
-393.3242760358226
1274.897452767107
1242.9622776271278
-813.0900522511845
-2091.9562163622254
-685.9792277298936
-753.527079106869
-704.7064991121246
-648.3955866663172
-28.356480377021942
-1275.1688954438346
-804.2871204936089
-477.28679986080243
164.83044260451476
-355.86849915084395
934.5558467981056
944.4105915655229
-1026.7978686320205
916.8128492573405
203.7068680325375
-1207.3457949700237
1729.9150763609277
1678.6814764050184
615.2312783001174
1730.499108031774
-3.469507366154332
-988.1869963560097
-865.146068035007
496.1932770087668
616.7838787347276
-1132.6767200624452
214.8754365989973
-1654.7160109426309
2166.958715029929
-975.2601805699446
-1664.4047634455044
-1760.0668351454258
244.66934090992464
-279.89584253143704
1248.5638978254797
516.6585934166931
144.8357639254736
1277.40674672308
1401.0413068234554
1020.7790818665833
1336.9995700113584
-596.0535258023671
136.35657627090342
252.62540438980972
714.2237504705287
-547.4876604001311
681.4887627015947
-1034.0519929765533
187.17124464209078
147.84121968875937
-491.0895275084663
98.8274196628051
1016.316765713213
-1789.452314531046
-2124.8624919459808
648.1478934256734
-1182.9650405728403
-1956.6260715654128
957.0253047652972
1844.2858714473948
-1241.8977048318297
2223.0374453154877
1776.7161245275572
1825.2985065732914
1972.7883426913927
-325.2799655232008
192.71754447044938
2004.3927569803463
1851.8391480752493
-1387.2756763916925
1787.7580690399298
1887.416952313081
1017.2592505330755
415.9969156643943
-745.4525282732801
1451.6306510340414
-1302.300700928762
-1030.2917199236715
1482.330991452428
-976.4216123680992
-4.717591483475488
-1808.9870957593557
700.9003152459151
853.7330556155998
-236.89743996749664
877.8233137366117
1465.1370576104473
-1849.396316689224
54.60441687941244
-829.6477052129459
222.7242195296286
-1944.3086598424463
-2017.1291480667317
-551.4207821364059
-865.2447797032164
584.2900686877706
1692.7788614091983
1287.4853024527
-248.87583349060216
278.9580867247763
195.46096021483638
611.0919797387303
-328.64024079207843
1842.0056223936735
1067.0192953918422
-1652.153501197599
991.3505997046484
-1912.6673434150953
1075.408129690724
755.2639052924209
-1422.0786973356703
516.5069256077899
1677.8339178823494
-1293.4200219815198
1786.7131161727657
1806.5986441204846
-2068.2857330743577
169.27252807368507
867.8305595556003
-420.18952047130045
-2112.8645410718823
734.106090750265
-117.00243553438963
-675.716781791035
-354.2799234465442
1366.7025849946947
893.0218796652828
1369.109959843584
1175.5487364419282
870.8843424257817
-1061.0460504194104
475.27610282612875
1132.2641048009898
-1743.1809370525807
1345.5804817996611
-2070.621419657123
-154.63687694189554
-1947.5175808959343
-1972.6768996026822
827.1459236665681
1157.0873146408635
-65.07483510667909
-1709.1688210860332
-1827.8758189969642
1049.0827120560368
120.37358128638084
-1013.9170847389885
840.3701049885638
-1368.7484094926726
-209.96695100339872
890.7119173353503
843.5560760113864
-315.06096416696494
209.22134499220644
166.43047828996737
284.6762655636532
-904.3806763086403
29.746697707832347
-1140.7969647936818
781.6111732027713
1073.9786930644643
-330.36271468632106
1046.0214833470766
-463.0650210063109
-698.6079860796688
-110.55624473268519
635.6729303171631
-0.8167679694267633
-77.746897448895
-1704.594249721305
720.6085780574327
-99.21997612349053
1076.8603852396593
-213.0693879341316
1060.0292533326433
-1485.6379830843016
1050.2239146904992
-791.498581533078
-608.1607411615691
-1017.6438254970027
-1910.1622099444346
-842.3333182478557
-1672.6006465884182
1231.7478254799305
-1585.5147431210987
1196.3467032478434
-1485.0825190976916
-278.0562680277197
-667.9836404092737
615.0398705745395
677.990040442198
-2239.169264624712
651.8511872047644
-253.46520951692784
141.44322417254733
625.0428951264836
-1.5736323711444413
611.1705245647684
-1075.6144615662859
-830.1699644612455
-1673.9482162283937
917.403522792217
-404.6123948411873
-820.8048159325754
1269.0148622182426
-51.89985065808038
33.35906802803489
1384.6320024690785
1376.8719883151286
-1634.801001242175
-316.9584778474402
273.4883965447678
-251.09156057833698
929.9724984440415
-1290.2275136504288
-168.57550441319245
702.6197761809706
-209.58369354975434
770.7766703856685
-233.75010874252587
881.2158131389511
592.6975301143241
877.1590524516729
-1698.0429078932516
