173.67190654496832
-7.621082690503867
172.42701965199663
172.0763283829522
175.23738020554944
173.90308550392604
238.1898612837102
245.43629163621992
237.73920469247307
238.38122303404927
-66.3403878895126
241.40079167967573
71.66858075468886
203.09175670632715
201.5924474966218
200.4528590951422
-247.27131772395603
203.52163803348145
245.4307697326452
-183.9246216029322
-204.84043272541763
234.16516731565136
233.33480977682748
233.6770414411928
226.56709787859282
230.95925507165344
19.44851866066028
5.3182004071548
188.54998991696095
227.53744188300976
177.39400218737694
178.09004918944677
174.86896746750048
-79.37084483761615
56.9610410900164
175.4607564809097
290.6962043554469
315.0385923352032
293.0767677237352
288.48002527156876
-249.39347207298928
291.9562967728756
-0.94122301162054
370.434202413439
-515.586111221093
373.0347257064715
370.2288662316776
375.7583339984513
444.0246191961028
439.1935314493254
41.21456806708936
438.8231624659928
433.74119192039666
-664.512329840514
127.11242363415393
422.7415352462159
404.32138619498323
-709.3797593825229
142.81815823083724
403.1000326076836
125.8968054584037
325.3808800674994
192.87580279264688
264.7284175603255
-131.0553386151078
259.26002017765666
-237.4032756565201
216.25370526621992
-198.03165632030579
103.43713165399791
215.28165632702803
214.87665110218313
232.955228251629
334.3735673538902
146.58534590067214
136.3703947603481
229.38156166902095
402.0211511202959
-136.12905338421774
447.37144710178654
-633.4364460406845
-580.1228783157051
10.507712097711217
450.36009599159814
715.1973432930608
742.9414478272073
-364.67091439233354
738.3360814991764
736.1179008134241
737.279551931178
496.27022033594017
-339.0737788506089
-256.64385864538605
400.2771572561238
423.36449972311857
505.893174558458
442.7847219805884
449.8500482333312
454.7003535318277
-950.558630754586
442.8899996580826
451.3259689893448
-59.97314835918645
-967.5714036738242
236.49619058916886
-171.70105317604174
-716.7626438876516
240.60348091493475
316.6335704271526
312.1477351356864
321.47855305983006
-105.29266238111262
317.38723140426407
-178.93968727023864
113.79973149947797
-205.73473986565577
356.19379747443264
355.0903898243406
401.4379914149423
-413.61406205393337
367.48103168043036
-132.79767692724036
499.8527536101453
502.45732859201763
-14.75136627383283
506.55599876498115
618.3593540445469
277.3470034379928
610.9641411579157
-921.5304912532721
608.0977508728504
-224.17872103710573
351.24110408176574
-201.30710294367026
-326.9156580850871
-227.91562796246194
-162.46729471101742
341.86041256163384
-738.14700715084
-892.3210247453518
-904.7619744784472
-1477.9303947641426
230.66731767895732
230.0483481683796
266.347088082977
266.57204116258515
42.067661451166515
264.7040222150721
286.5803786602479
262.07840962755677
339.4847490658771
409.2736780590668
-794.909683200179
326.4564749258453
-592.2235777473159
-322.7192281927881
546.6291029157774
-182.97155619018113
482.2874823964176
-1002.3870867771574
-851.9555406384447
343.23139404820756
624.0280070965723
575.9670822499664
582.9928729595717
-715.1297155110349
139.1359005700657
-886.5443565706372
391.89002572708677
386.8783602391489
388.85657110735093
129.0119987366069
-574.8907889849826
334.9842215237932
-5.766861246690885
-492.48376951909853
212.25946586250024
213.1606958096987
-406.4580612242679
212.83213835049918
248.57425572719148
-57.34006273922963
247.97222995503031
250.4078542920724
-616.3532589011654
251.07474481087036
367.9596304141001
-73.91955448494396
-307.8966554313642
-63.4112313414445
368.7236945146073
-741.8388972841941
-501.34534620624174
533.7703284141077
-368.9580151596298
-320.6779579011773
529.8995607007602
533.5817322503799
434.7667803921427
116.24329109056852
-671.3063753630877
-303.78213920567015
-295.01924341496635
439.5088864767848
369.0319616555333
374.19408267344454
327.0080658465826
375.12772343941094
-378.6290989286809
374.2104738377472
21.309024880302957
189.8507122429583
245.88893239197796
245.22120943175784
245.17798716876672
243.2760822224856
197.1871767349422
129.29719881771194
193.19525839557622
197.74103487064193
200.5029253576395
-205.23420977258758
-20.118581675166396
-362.5458944785686
169.48189025468128
-363.3722142886706
-13.70174349015535
211.95468653853862
256.4580152897031
-489.8996029428706
304.9064912116876
-133.62128782245404
-229.883444193911
319.03482884379486
345.54826310925864
319.66389949003684
322.1817982043559
63.204416565580765
317.4599760856252
-1082.7235494735662
280.5835960545674
276.6386887685885
281.836199351588
277.1070337731737
41.16034349634198
281.80916680437394
235.30540737353937
232.5903917388281
230.40475936562058
69.84522402147344
-43.696403596988084
232.12210422349864
-173.06474298883768
11.41529070038453
-359.74954130083927
108.60470478441599
115.17534854728785
34.42439691436306
-150.25478659824321
151.07324708932146
133.03069404736664
131.8715792395362
52.34683507929393
132.9133271689709
237.78037062015665
238.18291729027237
238.14752729090085
235.1246588560625
238.55807746106717
236.44848184820637
192.4159322054172
187.31075210046436
185.6226516224056
186.4341644176475
148.8498696867476
76.87013410579502
-117.02787882229819
180.1376659703812
178.72683458332656
114.6805442405983
-177.7018270427284
180.54497666487467
127.49237659859286
-146.14919168242676
129.38236645179416
-160.3213530708469
-129.5287606009128
130.7872498893513
180.83067306884044
179.74019186510617
178.8678973025219
179.78005449855812
178.98804499990084
177.09885229292976
261.1126657718213
-845.8420988395475
-47.50315949028263
264.5060535756034
262.8137894943779
-629.6653990175498
234.56278054829855
27.89064741376992
222.78679921191716
227.55811449986925
224.89114955405338
222.77511106322302
243.98741371358622
-163.13564721145198
244.20180292390197
241.17522890229966
244.73978641169114
-2.8222001217014725
254.7806462840065
251.1019369554883
-758.5304025779197
255.57654041546226
256.57139834357315
253.66331987394167
187.61112101468404
187.01967811329743
186.31602883820327
186.25769158142944
-302.7318061910282
125.44933819681182
-894.8971172063266
261.0636899561205
-533.0084641956754
-664.7355219917637
133.22585095553723
-781.6520303394776
-309.01079081590115
-458.2768117434927
394.71765088638494
385.23904244559134
392.3232363853802
261.6261842919046
912.8354982651408
36.90108670595721
866.1536630809807
-1444.7251822891985
927.2444310622996
-484.44971874719374
300.40844590021214
-627.6030782352569
413.21061161322103
-1005.7684396964968
428.5760360392919
412.1656461052731
-13.794934466979413
590.8843196158947
306.88963237767865
600.0822751205432
-715.9143505555156
275.7813838971184
176.6232259276216
-296.05640212466085
-788.816356029523
-334.4891581158853
-233.53726055413108
-96.21108802332628
439.79095136448916
442.39739506776056
6.061316341517578
442.53843941952397
440.44770108466435
-110.98843521124111
518.4612551752064
525.3265069242606
514.1633438404389
291.7665108429496
511.7313585466101
518.0943661566679
-552.6501497463755
258.021342323448
58.60063489949057
747.6342972931232
744.328889924411
775.0440813197531
570.8123516771191
568.2435625492838
566.3420222381525
184.34675628318837
434.59705876040107
339.8767056092833
-506.53248736917413
466.82857124442535
-468.65193404292165
-454.1253085705181
461.8338223435296
370.8794628808661
284.9590276194435
286.38090061931933
71.81089413913672
284.57216453876396
287.277158907992
283.42748290624246
-688.8567734633832
-45.720584982016206
294.22850986241315
290.25369782095953
-1154.8601334627724
291.2641480832604
859.1219737268381
845.558515596189
-1066.2723379795423
234.66591406549406
-305.77094705475037
-764.1226105969367
578.889449344569
390.35559718451736
566.0740047919588
570.6927815929052
567.4378399324306
576.7058417830331
-1064.4469815348111
-1501.0375570505923
-1631.883254185115
-732.5989838415686
489.4849289166084
-1398.5608997909083
-316.50013533616357
-169.09257452629197
-1103.4698494408603
336.34508042557167
-666.3847676041104
336.13924700110283
-196.04386765103817
258.54928573480163
257.04808626320226
-354.07084299803216
259.23607595154056
96.87458332486
227.3038976137439
168.93189069895297
-268.5492852232603
223.00368905671405
142.41724857240922
16.993770509882182
520.0784479645952
-70.94935237294675
-796.2270944798813
401.17017163164365
-320.46989667374424
-1736.9591944392994
-243.4826610085221
-160.1024640901431
135.3064878810385
-1236.5574327977276
-1739.075709030065
631.0411305958893
227.6072695903723
0.08438831505839062
-655.6108414230061
-131.4122913988728
626.4261427907047
-1411.6698261419624
-1498.5941862356128
-132.78285118733777
420.2145420112125
-638.6636909263622
-699.0832637779231
-396.844229886283
246.2601535652125
240.12132671509562
45.01438838080308
244.4167041117081
246.9086317717852
73.4528829315298
276.73231215221205
270.8651267165909
-37.53345062576524
271.485580740872
215.9582678857483
272.86657655491
-17.91556802332335
-50.36794907419947
1096.4209418461696
1102.8985682713144
1066.5919451480966
-362.18467545148707
-1339.4147333229087
-900.5402141539964
483.73301342738756
-1071.2317061240212
487.1836050244582
485.1982844367751
-393.5790195428817
-834.0246302752267
124.55497085418334
-1310.4240259243686
479.01491925124003
483.9764896219294
-410.5068137218402
-1217.627085987668
-282.6026827854543
-1034.7027120887753
416.6170250182597
417.6399303028987
202.49861939173107
-647.519158801839
133.8550537591995
-182.35559189991304
-131.05523898397718
195.3616664111982
218.67265210676243
-53.71280743247222
48.44022369704836
-715.138941782578
210.30348985511898
-837.88832092074
-547.6621210751271
283.1303738652788
213.00310164189005
-615.6034542626867
-339.1435151510012
212.3339384230418
336.853988478782
421.7074923800444
105.68835483012347
-362.53401811513424
343.7739510374408
173.07654242266193
408.65172239354627
-1375.5219039337594
-391.58638146202776
-1088.3866272444843
-1671.0186767200335
-1052.1943519104589
190.13488074685182
306.18065327436994
-675.6756085857432
302.8994539307174
-613.473381930673
302.97221199003394
-105.14302253471021
255.7572300367126
251.81716937555484
253.0190304647995
274.7516154865953
254.9590829824492
58.53243852162159
111.17415129253965
111.93056367917926
111.1070911375438
112.28053460843694
-178.53186290611578
142.17540198521084
-852.4382238870503
140.33990704165794
-739.0852935743844
-1055.9466753044073
-375.186754101066
207.23640316065644
218.9364802655678
220.69278929315212
220.51424102338342
223.40823585936744
-602.1138042873173
469.4748407480249
477.8287060178097
-661.3762255129512
468.69330533722814
469.283354920131
228.0799555120936
204.14467920266424
202.45068381281865
204.33976076152462
200.39316833100182
204.59783971799288
204.61699021448317
65.40991342070856
169.634285982615
-309.796529700069
-667.5183719219285
145.6608255221059
-70.04359891991169
290.59196414119083
-388.6427076531916
-171.38363637236347
287.725511315907
285.29757176111144
-962.6524944348066
-1201.6568460941535
564.8502786329968
-686.2682600839885
567.1830810323262
562.9600802584422
548.8994316191468
549.6973364514238
-219.80795654616452
198.77643808301923
564.8104573633307
-258.5963167602128
554.7511850402051
194.25025681664877
19.53383386039839
510.88572383321343
-1373.374480348651
509.6460149272858
-481.7368831956129
329.5909473977893
-5.371943002404857
226.30713151013845
331.95133249403267
331.1637544111864
-22.5984853154348
-727.3584211822415
109.8616168997727
347.4029901133789
344.71548429117917
354.6231644623027
-443.43334050523976
284.1359462876869
-860.6581153404247
396.3952102703223
404.4826757926199
-379.8122518537815
406.7698092168659
-1210.0681303878778
1346.92778918676
-1350.4332274620726
1387.843999785792
1370.5347524201331
1386.835646041907
1454.748299385521
1520.255217097311
477.68001218021743
874.5711780186627
108.19070140901832
1487.6061754514014
-84.63407060125323
-284.6802164373026
-821.8313363067506
678.4651818134633
111.8318275722041
924.7701004950083
626.0179357010473
-1266.7810843868501
-85.15741473828965
-597.6328037210549
427.77977804252134
-1628.0745874617478
480.25770702675237
-1495.7632727281998
-340.9783320800158
483.4161504476662
-1345.0592146902293
481.5161063398001
-987.8030770318834
590.3987934125464
143.20968259732982
304.8686431212718
-1141.6261952537295
586.4443870521495
1224.3501882196244
1318.7547042747894
-2298.7018260145724
567.5238497980421
1302.24130445841
479.8305766971428
-1785.5887001855858
-2044.326160421989
-1645.9915876438681
29.55987849277697
1125.7113649315665
9.499424137025215
1527.112913004633
1490.1095866784556
98.76811908550135
998.3318007109485
1179.7559425975196
-1356.9506309162032
988.9881534516454
-301.7396507062839
1014.9721951617805
-671.8216722945581
995.6876986597737
-1237.346918821187
463.3467168482967
462.3670611666097
-703.1467275515997
-1594.3900304501524
-1464.6184576248572
236.50603704381064
436.31685673555944
440.51092467755905
229.09257072478897
440.9408795541706
-492.9034752758358
-868.1740163859291
-1369.4527655190968
118.0202515113075
-377.24171919762824
1442.7613460158088
1451.76504808286
1473.3348945866712
-61.88433275881917
1428.9979848434373
890.2758409582606
-782.2958320146348
1429.3440862036502
1414.5353711409452
-1399.7731755667385
-609.8995411927593
-1559.7915143666235
436.54705823002126
-1380.7046098788635
966.6607082607195
-1240.7945975883447
-443.7902229860147
1092.712491570463
1463.0297208370794
1406.9739505838181
-774.946270947464
783.1793584665534
794.1859264209694
789.1647912092103
-359.1691318392175
802.880038114827
797.1685308773164
394.5673313589591
-511.184997263552
39.11327729914579
428.6465015696138
-561.3185657923951
434.88205734081765
1187.2111891125812
-465.8996499001744
-638.419499528444
1256.3341017111495
-1406.3197620699566
1261.6884312737282
1570.571122644017
1574.7358429960666
-1936.6396207675107
-582.4686294879191
-13.851416968103102
480.52313497769654
1211.977151561582
1325.2391793117747
1314.227657341216
701.5986378043037
1297.6277265521546
-670.4267700446632
1122.239994484378
-134.13027213867167
-1285.0257314676871
-815.9478510395152
-1827.44180821736
1108.3158999807708
451.0367007323228
-773.6950058317092
-1070.6077980603236
-123.96222806607115
-949.1139495925955
470.47340278467635
-207.18772702736277
-479.4386737522126
-336.212977334238
198.16341304223707
-187.02474356414365
476.066444968895
-791.3338083771677
115.65170500176941
1175.4877332806404
-1376.2336197151344
-1641.5862348172643
1209.152746594894
-107.73043171333046
-2076.6555899164
-83.97746258591965
452.6136616463124
1279.7332312588928
1276.5447404511917
-1251.4557499818466
-2112.9268925001334
-1157.638720082526
-1881.0926103781173
887.390645536612
664.6523951034815
458.72587979682714
1067.4127970354255
-1709.6085477440508
-929.228995310209
1062.4781488106396
1087.0293827378177
211.818788870647
-262.74328413668195
-962.2706129142148
-410.4057287150018
-1319.6225198892455
380.04884863022596
363.64544151788255
294.5289184343552
-329.0713464965584
360.6350454005829
355.864835690086
366.99204987790444
-432.3169429551243
-1001.5971094010301
-624.7186886271095
-1370.5564210054279
678.6454844316778
-2245.020237092002
1112.8654442214386
1089.1258249885745
1614.846034685741
1046.2895308890556
1547.2887170199097
1670.6111687363707
-432.62792943388905
1129.3367712829784
-1977.9205168093608
1214.8059235009043
-1871.6189757224722
1217.9257111857517
-852.6540507482918
581.2006244294126
-1061.97567768521
176.61576797993462
-1670.3195853917375
636.4649474148406
-760.6010894938154
522.3380536151965
535.3245445283741
-290.8958582104636
538.6994151166589
127.40668903858968
172.23290028360555
-412.46041855967786
176.81210271121472
-330.6842969006735
325.4985212070858
-315.95957987281304
286.9893985047472
284.2258501395892
282.43510270738784
289.9606484747407
-712.486049593773
20.12273711362682
-254.28147569378532
57.5815027715824
277.70168619204065
275.4315631504672
274.7764905938711
-552.4712282809652
463.68088396348037
477.45805769736404
-1422.5998183383385
474.0421613316054
461.333974895512
471.988922681567
-633.1824673274965
249.26644599978798
-93.3526934845371
216.66492522658004
-1050.3727053957912
-315.7600474454222
-1007.5074529010166
336.06451222208904
-650.83001909486
101.28721309434638
351.02992536976626
221.04877235792566
-690.1454029037277
408.04399404344576
399.8632629484245
-17.042145218365096
410.12211723751653
-1206.6360518603628
-1207.2032067034759
568.6095001741304
-112.77941254271597
579.4950500803321
412.92567826321766
-1213.6240217420393
710.0351376675932
722.9318897609835
722.3331255558553
-83.55022103935288
-415.5027903830356
-1528.934404632143
281.1872964236493
629.5042604835932
626.3019969558396
-952.8893320530536
630.5144431655165
-577.0677753832508
-821.0110749663818
346.3508107421538
153.64144467393075
-387.9853577750288
-38.12133557168399
-1538.489610354763
215.58537644213766
509.6138103783358
-1349.2109262499891
-242.59362886433252
-468.4744225198033
497.37575951517834
445.7194872103762
-17.918223038376
162.43152708825602
209.54051151150722
-619.1353829929319
-538.1694423114882
-1451.0503989038552
375.78628310738947
74.48718596809832
1061.7337995264465
-766.2584609361106
1070.870065695527
946.6841789429499
-167.63133162671323
-1673.8019286726949
-1503.224905645086
-1265.7938638728012
-754.8877087647138
-1068.5883149332424
-877.8037790535003
-205.89908226389412
-288.83289856375586
-753.9676156292422
682.3378519040924
415.2421059596542
970.8321406989126
410.03332673459204
967.8478450616831
250.54490900176404
-577.6798072247655
-664.1216209590713
452.06605756962
-189.85843801639
489.97769084759483
491.91773185551193
498.04377214669915
650.8465218210125
-700.3855627759458
-1738.8354274089718
647.4000484801558
633.92430572875
-545.665667729443
576.3396852986025
-457.9041718296089
1201.4823502417137
460.9585065708444
306.77275649396694
1184.8526433532006
-1229.4627387471721
766.429288954826
230.89773929024324
1069.100723090816
835.5907816916102
594.6183663716586
888.1870402109815
7.005171822088823
874.4427351603325
37.30655406840958
761.6849464728847
-377.53996859863923
50.2232197397676
1416.2678267566246
1525.7905429135994
-259.04480191510646
1462.9977252604401
1535.8513436885457
1354.688242432469
-1777.604434371009
-1377.8010202956573
1225.3341653071143
-1597.7613292523147
1371.2129489738657
-15.540616443989592
-180.52316073044912
785.2122993243127
809.1722971244817
-157.620177496252
-789.7196961015472
1219.8984861551316
-22.23750677688165
950.3152941067611
19.75194425939431
1045.1468510198933
1213.5523424307307
1350.191596313648
194.33104813465383
-2071.4885443329385
1346.3262436706343
-547.174075016969
638.3287123687726
-148.53763007197873
1019.15708632195
-180.18024961142794
38.25903462286453
-1241.551939742673
-715.2385040047703
1310.1651058954317
1082.8298456173115
-865.6496067590224
1336.9117119643174
1029.73829115734
-1087.6462388402256
168.229390005331
98.57802371681294
69.9149067759211
855.2220374187241
781.8959838101196
847.8808285261656
512.7287470586256
-1020.742268878361
500.9405701518123
508.67586153751796
508.37249082758524
-744.7514951149902
1277.8632183753448
1262.8045631038126
211.20759847884204
-744.3303599362126
-72.62182931614771
1258.1009180870938
-414.51787556216243
1228.8049763344497
-93.72204063646797
370.95208666756366
-1868.2074231589158
-1284.0076867921357
-426.4180681195329
479.71748290472914
1248.5178595116759
1239.4389768112128
362.1765386005128
775.081617170867
660.9220095460656
-118.06706229508433
-663.9266179546769
805.6725696939716
757.7857001626599
795.6319088023813
-203.2747465295499
459.2497467802291
466.3034619863768
116.54501546045607
464.7150368202108
136.8736132182604
811.4569466570982
-2018.6540051905336
-397.6429509214133
-1217.591557414218
825.4999451131833
26.573332138049327
1033.730027947244
1017.1927983722748
455.5083479313162
1072.21281548236
-86.18844294848083
1059.4003670553066
-228.36687931988646
887.5476453875459
-569.2078917454659
-647.3856491952839
-1004.4174150808625
891.2550041182205
1392.7528659473926
1435.1439010390786
33.11341850419937
-903.072913529702
-1951.4110118353815
1338.8672244329036
194.6778048654491
105.90221676067245
-336.84916792134766
1183.2402019238612
-467.14904915988535
278.7353171196136
-648.1155197255798
538.071699063565
-1396.1475674053747
421.49805967848175
226.06138446733178
17.57584992626507
-1360.61163509411
58.62486423193271
-749.4090533885259
259.3352468343371
-573.1157256187041
-267.2097794671117
286.24088473101176
1012.7888299008252
-1663.6705587551698
1013.4729504246116
-1307.4616046200942
-435.37531347256305
651.8215539440598
1395.7274617819937
1414.340522697341
418.5150167018426
-485.8716674528712
1392.3828162254326
925.3312979019798
-506.9554724503828
914.9084032656631
-2141.2121838366115
898.267293156588
-231.46530839054375
476.49734849570183
-568.8302650265059
954.5946540583632
1522.2929641654991
1461.6690942430835
1497.8755250688905
676.9697462082688
-1473.3128159568905
-94.49001294281163
-731.5282570574008
649.1269862070474
361.96855108164795
-241.40781411376653
175.30744017143763
473.6677792692703
496.0541074213399
487.2573081150181
-1087.3938906437404
315.04098635035325
-992.6160698484642
-1809.3757800736387
-2003.0442156720733
-1503.7193547763527
-260.6448592181707
268.06001275943606
-1028.5236194249646
-457.86700306557066
-1062.9947615833769
265.722117586777
130.0104042984575
-1653.1563439740833
854.7510360393601
399.8815855654539
-144.93728523615627
534.2393092832014
618.4668138768659
-1044.4959826262116
590.895242771908
-1204.4325873930989
-352.179089918429
-992.8611598359896
566.99491464757
519.1591414086786
520.6751229670434
-1319.5356525358968
-973.2985959122349
-941.4541434192454
534.6438991562688
-1820.9512764266076
1224.529017633414
-2025.30131184427
1251.2868104592146
-2297.6079256068565
-1.6018793615526192
-648.1662002468521
-913.301215123926
-995.0417419226327
244.44126718766137
-1118.1803029741252
-716.1334080427802
-2079.1702695534545
477.7647312375784
-1068.8176381415826
485.4434340922534
-1650.1177548963028
15.590863897215861
272.2989048555008
809.1352283940972
-1641.8841606913327
1274.2212987257826
-218.39112907677372
1289.3830045772058
133.38584886491145
-1887.5328031334457
1411.2477306572023
-203.97412291411467
1386.4773761674223
-1286.2270083763829
-1217.1539988805434
-233.33909338653024
1156.1916538250669
1115.8254306046506
-852.3595468688555
-961.5909577414936
-1444.5913957514144
1716.2770294287761
1764.8723163346344
-813.1120164025135
1753.6533788299132
-1727.6630726703609
-157.53716347128744
1923.2683521392062
189.0986865749611
1177.044077050267
500.3038603338328
-354.1075235990249
535.9912574619523
-667.1485880499583
-1506.505090787792
272.26430134207476
888.8024243153658
1708.4355358224943
-2259.4438529267522
-320.92792482392275
-21.550910515155675
1305.0167553187707
-66.19448789046497
-468.9986734434877
-1764.6006333508462
1940.6284203354035
-604.0750839399783
-1674.6152620335404
1892.0301397867997
976.3268747123254
-69.93877841442158
-2421.6175824613674
-1539.1250059808203
447.22733886009945
-2337.219815601241
1553.1658658586693
1001.3299355979077
-1960.2043340269897
-1141.5776717253295
1273.0300109819968
-1354.5619303924345
-685.9690741720182
286.0921835385355
1640.0763194220665
-1984.4696188377104
-2359.041367237809
-267.290356452301
-1243.8418533391437
704.4950924463478
-2167.068784216966
973.242423890107
-2421.9485147318796
1216.4357994447273
-1665.0830334250072
-1482.4635903399958
-293.0061764134234
-1877.4892177033182
-1444.864006456385
-50.781789172580915
1284.1077113247807
-348.84072910581483
-439.19577504560937
1252.7378213911254
1284.4870775942168
-2359.2122081123393
223.34023780764377
-1737.6691437242102
-364.1214546954385
-1618.2425183253197
-1916.982054235521
2003.5859859961631
1177.204306755138
-420.9027837447506
884.8674019822239
-762.673116977175
1698.4081670427793
-1091.9823785571064
-752.0988713056337
-471.9341808226746
858.9536281736265
-62.11972003407451
424.0612155861234
1989.018152244795
1528.6414144868083
-1381.4165381078424
785.3256537737951
1646.3236886730576
2363.9940372737046
-81.01168399220316
-1832.3485391465656
529.8194433148074
2043.6137875522022
649.4931845178975
-1826.1810258545647
1155.702410834999
1392.9931975151449
2110.9712776445613
1143.2751020598237
-1180.5997190181506
-1029.457321301599
-110.68188578625904
-887.8540699693443
-1817.3856690629716
1088.324568904585
713.7226687036114
-546.2619819560155
-2449.4781227429753
3.181653748482449
-276.44724688405734
2078.483585683052
998.2874297244962
-89.29742621036894
2064.670121180117
2115.749743543859
661.3496794744609
2035.9065353971598
-129.71749204771942
283.460857710181
42.49002089182019
1894.0013364101587
1471.7678900803915
335.20065515684263
48.01287793937847
2373.084126014337
1378.8129834282147
2112.749874356064
2045.0786644988411
775.1953798803962
-964.1835202325454
-596.8771913249254
-1365.6699687551527
1229.9807834113674
-1845.6626315702179
-1136.0331338448548
-1651.5634425775822
-1658.5774375862588
789.860445804809
1671.2854256703843
839.2333978919619
917.9335280682682
1557.4773628858834
-523.2370244086349
1864.582812175786
1871.7536262238264
-702.6963088877969
1623.5352566638403
635.5273893991947
-1427.4281117539003
858.0069386917216
-833.574264524712
1433.2038913934455
134.47592569078606
-1709.383882152844
1826.0150448927554
-2283.6219515093376
-1103.6075805137696
-97.19740923389308
1023.5527139788952
-181.64868845625926
-800.0221813947988
1136.9974126355592
-1253.399837074945
1198.7185162387686
-1157.0215400625912
-2455.9319706029582
-1088.4229217492036
-2180.035938375635
1241.8989332807444
1118.604112303908
-216.0779114302258
-2122.7236427407306
619.0233503733933
-2362.155790836176
-264.33671166299354
954.521677414129
15.268853018423776
-0.30737711519346345
-1521.4676622220895
-1922.235143589257
-1984.1659039910148
810.2299066065324
795.614743407005
-1942.546237056063
-1468.3776118740743
-1953.341703004648
-1525.4877019620483
1116.3076555748214
-1631.0874770665823
-708.1289215160934
-2407.587082670811
-832.3999453066197
105.45144046932687
175.82675031745265
-1834.7534954673306
1244.2216159831933
514.2200906136618
271.172990935882
-2212.89930246338
271.2659551140728
-260.5568709509504
1363.1218715659656
-1729.2887235097778
-1281.7168958415643
-26.084504555054934
1977.9685067766754
1655.2514185069876
266.41887885557213
-2230.09251311501
657.2414571623003
672.1737834489472
85.19627317580475
-1753.8988616822883
-110.20122587229304
-2278.3661371580247
-2088.3585285485105
834.6857240380804
609.0324970791833
1061.9439255163097
1094.832021497652
-1183.1985620240885
-2166.636688997748
1143.8574553888693
1817.0602544793578
-1031.4154679978956
207.57780664884595
848.6176503275273
359.13740468346623
1815.578001727157
-1225.5986353065468
-389.3614949316716
1525.6380536407876
-532.0278257234079
1544.2835844019999
-1007.3750253518957
936.4486145863851
1014.4566521043356
1444.9907002147659
-2232.982911681598
1386.1906781649293
1336.2717949785529
-1631.6882906437932
390.9050450195228
1197.761006819118
1198.7262656719522
-77.54550154795334
444.7007369438999
794.9575540999842
962.5950981762536
1111.2305629058178
-1013.7689417017604
1309.2171187687163
-298.9604557542163
-1067.4362230236757
-2483.8414271399965
-500.75869898540157
1547.4967775180842
1513.540800207475
-418.6947230154466
992.3572594435911
-488.7247104487204
-682.3042433564138
506.22544823075117
995.2435321110612
993.6848388244925
-297.939355639532
1178.4725616778398
358.3761886483038
-74.26756369299044
-1197.9536058272358
297.43529948626554
-1107.9981323848574
-139.20306741881336
-835.239660616339
1080.007738111316
1048.1490468839488
-95.39373377796613
602.544818057014
-1521.867596635764
-698.0853813678012
1491.5518380244857
1405.8056059300477
1432.6277797514042
-371.5223933597663
1327.2521482224327
-786.7630124314534
731.371516897815
1342.5422465148201
-176.8911491637728
-1493.1253901270193
1533.9067437727538
-587.0528087305497
-1172.3127125298192
1067.7379372471476
-1094.266469552627
917.4974945146729
1760.9868043178144
1664.6011575017815
1248.171574627505
-1454.2509280088711
-71.91157051155585
1373.387978769545
-1599.086382479921
-68.95166660542277
1322.2849214048724
-286.1423689709593
-1213.2197000188635
-1636.2400669126534
760.3987360608445
-40.532261615449556
-1475.0391426984913
-1596.5367743845632
80.60172951269587
1728.521501874603
667.0411268382456
1307.5795103802968
-110.09841771713556
380.9720518334341
642.5730258649644
-637.8058010697847
-357.827332117759
-1178.751696970286
828.82875067386
-457.23033934984335
851.4017078963899
-709.6352201720263
1796.9439823153275
-54.24075371096497
335.94139832610193
1760.9862705256862
-665.7755944439216
475.89489104768995
1330.2553855932454
-24.78143238518348
-400.3978990644727
1674.583039096886
974.2275099580867
-1627.234098352456
1003.1613546653496
965.6370437386047
-447.79799621819956
-186.9170822248912
655.5778720422106
-163.21883235075504
971.400033420355
85.15748658942279
-603.9637016791218
-98.61209628283336
-541.073535323139
74.87077920237667
-584.7351531114246
1144.809778394035
1172.763694217871
-1510.171164167201
1147.0354560612873
1421.4214706609816
142.59861530361457
391.9269492525401
1177.874508813621
1440.6854263498615
-1310.2966881722155
1952.1914410463883
-928.8123925450153
-1675.7459563182001
-260.31724508308037
-509.1208848985735
1189.0487552559214
-875.518203033872
1768.2112039452797
604.1164909305394
-732.067998977538
1479.9685412166061
-1957.1310191441698
-359.90045558068726
-1201.656830206076
1638.8385491505092
-1984.8488330286696
1493.0854979665464
1078.2815670926536
1514.3091559471513
-1227.4025574236275
2102.450761750608
1051.214367562791
-888.5937119761211
-783.2968433186305
1826.0365832323407
-827.728049863002
732.4613950826991
-92.51536762216332
1445.7910822722265
-608.4501555002659
760.2467716517206
-946.7261810091316
-1812.4326554429429
1418.847912965571
-1257.554329659339
125.47887969849126
-941.587622492948
1277.6310603940958
-614.0287955899261
1242.3155886737795
237.50456100264924
41.661273524421
-1630.5190752525045
1519.4387036960047
914.3446962570434
-1861.1314916756533
-989.276313092305
79.55225950541322
1208.6459753828876
442.8727050663611
-1521.17239507922
1056.3483112248043
-480.3692224344029
-640.3928219130645
189.07562639443043
2155.610653301808
-116.530307948573
1062.8764913473908
1571.38411498757
2132.184945905773
524.9495766626561
-2060.305300609721
769.5480277207328
1432.619073147529
-1333.5608874292425
-1162.3206769034962
1109.3494549387945
-1093.3805947790877
620.7595019908797
642.3728380996621
-1787.3463946083139
245.86279097947664
1584.4755647312584
533.9712455025553
-1025.5510977157928
549.2755309245891
1534.5673770549424
188.34118911044078
-1198.8105239482302
-1027.2258909623959
813.6882071368998
-1102.461767543346
1414.966842831802
-455.9883845406202
-164.22679727758373
507.3299045737806
168.1512331051564
1421.7067959983456
759.2227919580996
541.0529448043739
-707.5426589009006
-643.7681663980237
1170.3189791612108
1168.3193942792182
-28.17370262507425
103.95734603644966
921.8399631768025
173.60977628292693
532.2697150850094
-201.25502903746928
-1305.4965227279806
873.2250380317145
1574.2791595604738
-461.2143000740931
1117.2818383282995
1569.0518512275626
1623.5729150098507
1636.5780843190914
215.0708434533717
272.4522256022194
654.5222130226447
1206.4221910364406
-63.91455679367665
28.43425050137774
1672.0104643789002
1073.7934351557092
-1252.8440751812852
-1064.7758576316778
1576.8531257708737
-5.820349399121383
-444.44656625476114
1072.2166313481152
-755.9482580989801
592.1401616485978
-604.0540509520958
-203.0078994324734
-1363.0592863003183
147.64676747344132
-699.5734213507448
627.3628546497071
822.4637799936315
815.019611980107
-1032.1151574350502
1111.7649629521243
1141.8326985243739
1116.5455907211908
-896.631496444383
-235.963380173575
1074.366481876082
-357.64021185866443
-221.63744720368032
1058.1869747046883
-662.477438516282
1069.6249842919003
1011.6189045242525
-872.21215047117
1379.9067261374566
1387.3705892972598
702.4003649435787
13.594526077327146
817.8222087278001
1286.7452541533264
-405.20483076227487
-670.7594004852741
-477.718232677916
-759.9138087001461
-1795.3888603414903
433.5635764947354
-1300.8149865749924
181.9026345494057
689.077381768448
498.35412261790594
-1323.9994222107612
1171.7531879049034
1207.4611711323041
545.406298088689
1083.6471643452728
1221.2457352791384
976.6512163612985
573.3691590110548
985.9222306368963
47.971474036991154
220.2616651012454
889.5608191786743
640.1204534904482
841.8308431641997
-1619.042085558242
-1425.7594230036175
-631.1291125476803
-1191.9644845623434
