196.2927212455837
194.31822297941463
99.62314167808772
193.5704245496711
193.4434216231998
-48.75529962952238
200.6528004737053
201.29435336652222
35.001050054599304
200.82565024740614
-253.22653053800977
199.8112209454113
229.0139983644691
232.44064214930088
228.18953269916105
228.94966614936044
230.02359975285532
227.5877081406909
219.1190643032576
238.2952617019065
-67.922139890222
225.04584291048937
-10.638351372692014
321.51806246092355
182.34914836611776
178.5839586702541
178.37132346162636
181.03003200929987
95.02522416112556
180.15104040747732
110.66897775382256
109.42154090692357
97.72416166518587
109.22433596498365
108.60529359450396
114.21791956408363
66.46953979010569
93.40455702018461
223.35558274864178
223.82959729685462
231.49059039116705
222.18508655614667
270.3832624336553
269.2364892419228
-1042.7873085540953
-390.06343708662
197.7410315000924
-518.2571078985145
171.0382457717737
-615.0699550456507
260.36200317858936
275.7002259511804
-328.65334914331044
277.8357699465812
336.2818398019827
342.55309774035203
334.8493774447532
340.2180673875933
258.4979482390556
-53.978197771973754
-137.63793611290302
-219.78026800255603
-693.1631093794754
245.9211295330527
-4.90061948816146
248.00386418405853
-210.12093296557603
208.6427024059363
-123.15341247097479
182.4212417547847
219.51968631688283
212.69575970405285
260.5156197818385
263.5995528407941
261.1772681882798
-418.81553458906177
10.292998479707064
263.03870261588816
-1037.6742098227298
-212.03290538730695
307.67348172850865
-439.518011349532
77.18553775621582
306.8120201009415
249.89293657192778
-1577.5906291099884
-614.5006409026264
463.1045347784753
-656.7779646122444
462.08006774723947
494.9921198312752
486.1402108061586
496.0524847299364
-139.85576375239563
500.13522983462656
504.09387901535416
-297.7657440955267
322.85920288090267
-104.41346948724748
-208.85560020152315
322.4738144633211
-781.8301821922648
217.85174300847908
217.11038272958203
218.87291491817172
216.20912763770596
-32.38137802249243
213.9335818461706
142.1170826858549
-230.77591194831277
81.43622714444167
128.44743448555062
152.8636114007261
206.67684962619785
498.42124381220634
-45.318677664150236
500.5898022071843
-710.1001004401126
-545.3595033552004
505.3879503834233
576.5144123324628
-118.09044519071952
582.8949781594467
571.6107357867475
-593.2965685852051
580.5567809972135
535.5712332405741
537.9198681275533
539.2908505267693
80.84081919244645
-485.70937233233195
533.6029912573949
352.8926841259787
370.62130533968633
362.27363249477673
-458.37729640034917
-188.26517413098864
236.48932415509952
279.0234696502122
-155.8067372285713
-167.8196996242104
280.9240606901509
281.0758889505232
279.0863332509184
-219.23668126657967
236.3866657043309
-351.8471875461543
111.64308962138024
237.64342746320568
-634.6611738968529
-440.44268190883133
457.5214452370611
-391.413846758146
462.3988562221275
-1.450091450165207
468.06516952155346
484.5523826229532
-553.2927578469315
-783.5858917778701
473.9222218183655
-276.43860192220546
485.30145998654837
473.72268334511887
-130.0952997115099
435.98898056161596
-506.2556356335294
408.22481781234194
387.92682574859856
-527.5880630036175
409.215930194352
396.3687206251452
394.6108990168228
387.4864456671747
396.7723257748689
-525.8351522543671
51.0483294721983
-327.8376668033824
205.4512537428111
-1212.262625429879
208.52939845752155
-150.69110882259076
282.2454979540502
212.66499707986745
283.4524885713297
-64.62159573295516
285.1512466550021
-895.5063197079187
460.6754228769996
459.88467595162
-93.96446954447525
-450.82620719410363
458.38120503644495
-867.9702378293397
-5.110506739242286
-457.7658465145586
-931.054465435584
-438.38372811904196
445.8355160212297
-573.971434039703
494.24637567358593
495.91624662955417
494.9953059581808
495.5424777943318
315.58576686216855
442.7485723834794
-117.06229295591983
41.867635606798686
-239.45141017993615
-1031.9143595966707
414.48897101613403
254.93494365330005
264.4446033529664
259.56083762903336
256.02745665810414
259.4224465221383
258.5882942630614
224.6651663279338
200.74660447520975
221.47082206158362
-300.59489113250226
-264.4413649804919
225.5622321417033
420.9399265008566
428.59464221655685
423.43790541206215
-56.48611803591935
427.5999559335309
427.58426515006244
404.7288431838595
-955.122044132183
404.4949393706783
5.010400747787244
401.01701301393837
284.4135842869728
506.5255506578379
535.3391164622011
-251.46827423211298
-65.18036931438134
512.722903827479
518.1228694755144
251.17452374953723
212.05284423200303
231.854544304739
73.05559706013817
161.90052055988508
-337.64602932327733
-109.26225468324698
165.94300716218845
178.03075436731962
178.00573936983056
178.97423427533644
178.10863255577394
-184.76965675983197
206.57089809194738
-546.2983596280026
-741.0627583600076
-91.88748296845313
193.22518663907897
328.7089118297661
-204.95130416647942
13.596149849047768
327.14640380637957
332.08543333783757
327.13608485122876
164.2953346785005
294.2382686788666
217.46725148515262
212.03109287062773
4.898148162348464
233.173677297457
-140.18863917443556
223.8578015155687
210.40972928051647
208.21529763381363
13.364401174271633
250.8900890560754
-82.70638212961718
129.83878085290553
236.39725160714977
240.21416970344046
240.12048602457938
143.56406332439474
206.98211178964215
205.34094562374827
204.60360287101773
203.00168597976568
207.40307107681312
204.7177387701013
-527.6686822137154
125.4217966035471
191.23557034229728
188.44428225732608
190.16835812084517
-741.913887663015
-465.4125619564394
198.11468758320694
197.77349979283792
-798.5158589260569
-635.6952001031292
-307.0900180137724
207.42632706599107
203.47843792279883
211.0943470751388
208.17247713141637
-106.80833016160157
196.83969893910808
56.73227126591354
-1062.9876819347412
270.9003410527394
585.807075415567
595.7819408308785
-904.1546577228473
-394.983067767745
-1380.8044072887385
-927.0421042368209
-768.0958123093562
182.60501891875018
-113.91605580920626
-387.4478318939284
134.77085988873765
-1216.5610050103462
132.56103046401034
-1181.0980099384494
132.87969381576067
226.8314406918893
228.07095998217738
106.51985153717222
227.46884666295531
225.68966130210995
225.61330067125564
268.86458156864325
-2143.2295136063935
-1284.933764928
-1753.9311582486253
1159.4930703204004
-2097.8943955586437
316.2478069709373
-529.5891307337772
314.730635268235
-326.3975907437704
335.54631499061315
28.754039515193444
-466.55368881123036
1077.1187427354828
1079.9053909210108
535.2398882840013
1127.8017920177526
1115.1681565952476
266.3910924009786
282.3866447851766
-723.7794995571207
286.5217842246071
311.8740766842382
-570.0882745774551
227.79781071514958
225.39972466333998
225.54773385528347
223.47148684651162
-308.3556729814199
-104.86663353210939
289.0118722200585
290.9618406752671
286.8955409050651
172.87069903551475
284.34897851900547
-325.8853821012529
19.538461423118108
132.2632230926216
322.96519027792317
-20.41402395459707
325.1047920434339
-29.859562293508457
520.1927984346828
515.6737278373644
239.80758840479294
515.4472112926009
-479.60905866827585
218.49063022983984
556.8118872215132
556.5393582929383
555.0052048176392
-285.97964405528137
543.9518293021632
-950.4457771369275
-808.3069758729998
-1261.233113380195
-1911.9761618739406
-625.4706302658453
309.30269701265433
-1145.9132281896816
-839.5242652061288
-547.5111904795159
-333.96083392273806
154.25112959859348
-1011.6886544334227
-43.82559809868401
-413.0403257105289
222.8883947091603
204.32580754809183
108.77421284106492
243.23935662631993
221.58072425441821
-789.1518738238703
548.7961509231446
548.6627008087287
551.8116490338937
552.0846383147876
-686.4791331051479
616.7150999271364
-490.0663645424519
624.3575650952606
-549.0403974385501
627.9261691516218
623.7609275681979
-1160.8377930260795
505.7857552259216
514.2445146930564
-699.0645190694805
-1150.1240383047086
-368.8933442703609
-992.4971292867392
939.6216301463795
385.90723032819415
-1198.346816747307
932.6870943806557
659.8687238887582
287.48006123922096
287.9381484531214
-12.330078652179314
-91.13824284049458
289.37548119905983
-377.1124777259396
42.35834812671355
-542.8217243862035
-311.42689734140697
171.66065907083382
-743.892142372109
-117.20884999911569
170.74119316901476
456.8814269479902
-374.08822264900573
318.7286469229897
-198.42221812239057
-1244.676177463747
547.2819373095882
548.3690147703328
-786.2935588828072
-30.098181930209023
38.876934047368046
-682.2088094013797
1065.829963672246
-1070.0968266113675
676.6142868942351
-1919.5351492766854
1091.1152419925668
120.53905408083283
-1227.412908091504
421.961744751913
-1107.45370046828
120.3093211702058
-886.3067401227948
79.88904995298306
245.84287050255654
253.89938805226217
-39.89021467159587
-108.41243215041553
-126.02227067518109
244.3094964681584
310.44953989845334
307.82397793320774
-484.7931138119653
-636.1079312628827
308.76117802720483
305.0778328457295
492.2602009174801
493.0975770511391
-74.25548015218641
481.4952746471007
-277.02451922797223
-308.63518213039504
508.5579052526804
-117.81247466590234
503.8626267282534
-420.9998997128735
-333.2370260439217
-356.3543152174695
1482.174754973964
1455.8264915230163
-431.11470407078195
-635.7054213810748
1502.4603503569538
1456.1651535395285
468.321952572391
-580.3188360989049
464.34365332240816
465.7334186952413
459.570828266864
462.1394247401264
-122.30361031491832
249.53751841527628
249.91188077155707
249.86926188062122
252.08367201244073
249.77681958503837
-78.62610406700169
-22.786557880853337
238.4813359789473
-225.46126883633053
237.50739482169732
238.20096095512287
465.8556738118972
474.88439789171144
474.43904562845336
-817.0390343566901
469.07092216268614
479.80393951866785
-374.7357752457708
-278.823657039692
641.2214036339776
112.07816935672192
-804.9186159221234
-745.4180774995405
-715.887171866164
509.41896421934615
-1329.7060608438946
-678.8162610590451
513.9443266443471
-905.4225458012436
1332.9432405280936
-1428.4845707966685
-1142.130147732534
1317.5506041972762
1310.1123296237272
166.24802099173408
163.9006193307109
-34.39171131292714
-2.0783382814318516
-360.03815819998624
161.90884339240637
-220.7179496644621
207.026998305931
227.54190739062503
209.61506129440986
83.3735735761603
-207.62985558781793
211.30062010515087
336.43678607596064
328.14482370423315
32.41071391938528
340.28859798730264
-109.78223500120463
340.0909348155314
84.80475105492431
95.12969045112226
248.80968485564802
-325.59715354160636
253.55952747684853
251.64922368740764
-1176.586953807665
316.1838564739234
-311.9855616233317
-938.7775318328174
318.77552115441136
315.2810632353859
-25.606995798802934
-493.7614979540112
241.5017840662864
244.05020500018617
242.1614462145297
242.60565625455982
-319.56678854202914
196.35313206950326
199.86610907826469
199.50463433477316
199.7927434805946
194.94671016009067
-668.6237412520516
-834.8231022861828
296.28136930252066
-258.96852151646
-121.96317953671861
294.82422933684006
-111.34535407975682
-42.01030200732903
-1055.7348961598182
-336.2295043203327
-141.27280497709816
168.87782492624163
372.20339214961905
-1073.5164272863356
-680.291253935646
-1618.0624506290765
-1136.7235668357175
370.47889576076386
301.4818322936224
305.39242715346404
-379.9670742192807
-666.1297878093242
-551.7794300983682
-483.2561708867419
338.0529352696411
338.8455758727696
336.3292033923655
-312.0839492273756
-398.5928201988956
-256.3318137922232
173.30282844565215
174.05479855010893
-1130.5733340998715
-622.2175878449309
86.45777689180095
-305.4977553956116
-126.64447030149304
616.6005643699101
-1601.7291194000984
-688.4067420822802
626.5920160429937
473.10263213132
-992.327708683355
881.9636673138158
-1748.9032256331566
872.5995214911555
-1684.6666462813907
-1724.5325248094623
821.042393571448
-85.5553960451679
-1222.8416110652502
862.4266044538887
-357.1474955617282
428.6868878365485
486.4262326606628
-1804.4601169499572
-1577.9820784358212
779.3290956225736
776.3627292162317
338.9076238900605
-1857.2056774574164
220.28116334750268
860.1454666952037
-352.7576133426219
977.1364766240861
946.8910383112094
340.51449027790386
-561.4006416184676
-157.13088215480914
338.49203972352075
344.18212533198266
-1458.834556606941
-128.8303429675894
-307.4195433775252
611.1619321103849
-267.27800003055876
616.6414211865924
613.8838945828588
-909.7877064509624
-1113.1116270006908
1090.243013057013
1079.9022834189816
1075.5184307026625
-1177.8819309270104
1188.5827379971063
-2085.841868734985
-951.3570882566761
598.9415615792939
1217.5073145313495
1222.9476863064492
417.90545983417735
-1934.5244541402878
-1579.2333894136686
-1592.900718258197
-1354.6861683242662
695.2439733871857
983.9513624373076
86.07311533700044
1001.8619459376514
-960.8942938698809
500.24584278407247
1001.3609809643116
-429.1948887184326
77.82428593102492
150.5418470091634
-964.8734934854739
-283.9251488165845
718.2092768394433
485.2127111548689
-873.8771938015304
489.2403472311669
486.81678030571464
484.51780744562075
-282.9364364102294
-644.2353882905252
739.5201170003223
-1860.1375050886484
312.3246642124618
977.1260992537326
774.559659546175
-706.397320674512
1207.8898813490255
685.9377926046404
729.0082181760145
-2308.3690891462943
1231.0813983689573
-1484.600410846348
-729.1081427901306
-472.9507356401667
931.4141235524378
-858.4796997344165
961.273232068062
-9.997911241225419
-513.6616054974745
-1242.1010847004277
-1609.6987770691744
763.0216060229033
541.4673030821799
-865.5537454641662
218.7141520357531
-1095.562871448261
114.65691442253645
451.8468549596398
-2116.0596991140237
169.8167953591808
336.9826837079212
264.3463937702749
491.3782844404341
479.0755852757518
496.03145880046645
354.98376120399445
-791.6390501766996
-1.7173147668919642
-1.382185420437665
-496.7276925159203
12.936894904718166
-588.3934852908054
245.97050853979323
-431.2693207922116
1067.5084299304624
1067.8567746073734
917.2064778578161
1410.3242018413937
1408.5459037766489
1075.3401079586383
-1674.091635783173
1409.5880990222413
539.1449804699066
-1410.1877170504285
-1682.981902155009
528.9947546541601
1210.1402036821485
-510.71804798295483
1198.9694367548216
-1056.5055889665025
-392.0794153547764
-490.82807737844513
356.0958972965027
-1101.5022997313881
360.53036478489884
473.4742131232054
-791.0267648988104
476.5117722185206
472.2665958106359
470.1557166924342
-966.2120131253594
880.7574760007881
1091.421592167509
-66.57080767338921
-1067.2144678633622
1105.1168786348535
-1104.6171336475409
-1454.3005676545993
-12.366434139545802
615.7229721768481
-1103.2600396500718
-1379.2288608446702
615.420462818774
93.68564061653935
-2008.2711199701919
-869.4231696473282
972.4605533080933
995.3061398195878
-2076.5711169028486
959.3971999020646
-391.37882675587116
374.84982219314395
960.6564646580314
-939.3167643974343
469.39376599541737
236.58242927484972
23.83567100972036
-180.38967473711315
237.6189268727817
-256.45146075171664
338.06560568600224
397.8394365162198
-823.8577322614766
-84.68267972954592
-1057.8432807867875
399.86382269611534
-1038.1438965695445
-1174.610341178751
-1083.3495903559754
-2204.503496347846
-700.2827788399711
-278.3027376951358
734.3812077975906
-471.6394026000742
730.6345973446854
714.2428551797657
-982.2742127895937
-637.5644099494971
-99.74047685923027
127.7907651782495
355.2680574437356
1522.0703723930048
1490.628594087993
711.816247195403
1536.1021861869442
-204.86483681154544
609.9606840212008
1836.7168924936273
365.39036326959763
-1656.4024761303046
1841.1489570294314
548.0307325500266
552.6092649124515
72.41225498677328
543.2589289334254
-408.33791524898083
546.7834116233272
-728.7291213692006
-170.06529408676724
313.84458357611277
309.6063980541692
-1199.6941587486422
308.29688197388003
-576.4017304876623
-1255.8571244497612
490.0278327205655
-1651.1699964008083
484.54014408487024
480.26472227550346
-474.73703875644486
-392.88039407178314
460.20068055860963
-173.99753608427858
461.18504291261064
-70.34299054564966
-764.2200727377586
224.2923508659709
-1544.212623206128
398.99656663914027
414.1045414910962
412.351186269822
614.6328695465867
615.9907598784143
-525.1707659891189
406.4050480590097
-199.8781496787462
605.4687490501207
381.7896374504974
379.65660085881933
-526.0047606631925
381.0159147775508
385.7096046397028
-191.0478322863522
309.4434926122692
156.86750957533843
320.8711540161579
319.37368649037853
322.09734539306623
-1093.0371449124848
-205.11940824994124
-34.15960643393644
148.10181625948073
-887.3665536051727
209.44404572631555
-379.7956004928491
282.4500884077839
-165.93296924376938
-388.68735822701274
371.0617870162005
369.6577709466962
83.63950818873914
-1484.21807622426
1112.8119398706745
-710.2502851920685
-304.50762367096485
1141.1465485508727
-159.18377669621725
-1697.2408749972699
834.7476452441034
854.1046640045039
-951.8104584650583
-1046.8360341818811
-672.3487664276479
137.5822712964055
358.38509334751296
-1050.167352421732
-961.4775611499662
904.2149552150454
-13.258723377090568
343.4566089295084
831.2516033823197
874.2256119815265
18.400267645456513
849.7093419350658
-186.26867346313284
-187.71984142088195
1269.1743633369147
56.441340147555024
1281.592606278991
904.3745156309757
1127.7287355590647
-440.60447468265096
-997.9539320347994
801.4847239823491
-983.0141111841602
1225.7235942157256
1032.889158789447
-1112.148887423404
1210.748065514426
211.25478515077947
895.5738644921443
790.0527437258548
-735.5984163150125
1053.995168288171
516.5647868252546
-762.6625765387151
-1581.988438909662
1033.9945410777595
1025.3619700083348
-174.7797860286223
-73.285238996971
361.96091382306884
-5.9672483800042535
-1145.9338270062049
359.1819797649612
593.8952368460521
-1152.7747062926042
615.1812690448246
-1115.993542365249
85.46837554135794
600.9648973393945
1277.6049479524934
-637.8938861447797
919.4331753084199
1418.0401745143106
-141.92368369934667
1414.724200600073
-488.9390294839868
-15.5441410273828
801.5802725613363
-466.119302439375
-876.5565932443953
712.9036874645203
625.3609403435543
448.2334118229692
613.2391588690757
-1015.6862835596729
-399.35005269179055
319.8018882389699
740.4095738135188
-909.7714093023485
699.4779961127184
639.0510388154424
699.7669875257675
627.3022887377147
1193.5550755698043
1218.931386109866
198.26953592792978
1206.5002629890628
1237.2129392472941
764.2844377513808
514.5371645106164
248.3442247791209
353.8240232704923
-165.51071091673717
-691.9030464255852
513.9609812142284
1338.4806565996907
-966.7007112797985
-573.0580427403502
1325.1914883917352
-145.93901681667344
1328.098736842357
1131.8595623179103
285.5374910850415
-825.2090653851938
1151.92782319448
-940.842480494388
1152.8925986098866
-582.5465055008995
-53.76615389945022
-489.54930962780304
716.4303047965547
-1091.6276908892994
-514.8283885311408
-881.9388766474259
926.7371193838192
631.1902054663826
-385.3113420627386
-1976.391399625415
940.6923307540508
-891.8408784067855
-637.5877353864811
-1188.6292536649776
542.8886325214789
538.6389547717769
417.9397565266958
485.59455777764293
-265.4008129236015
509.62739668492725
511.48328437804236
13.630345566510108
507.55917131557686
829.1205138190588
956.9027694304523
927.9114937815069
971.6605975972202
-903.9233622340537
-579.5220013685461
742.8393975210821
885.333096342842
883.473943414823
295.43542564544686
-1674.90471093042
614.9922051968016
-341.89820803707613
-792.4716647286723
-430.2607125548187
1100.423524463911
929.8547181362588
411.06413194485725
1101.4374539894734
-528.8977937086271
1106.5584367593456
-555.9332656711417
1105.903403541822
-298.4312765406452
-864.0296669495564
395.37698432441096
-172.90692301498316
178.0851707639697
-864.7724574298235
374.62609624238337
-387.37963340405577
154.25680244455882
558.5985523039533
-222.29287507207817
556.443214930557
553.8069356642025
-1092.6633941844914
60.748283112959186
1113.1019424825342
559.5212695705849
763.9497261931939
1121.397313824283
-719.4618153521991
-343.6008270309008
623.7292927694214
-1451.2549935313414
653.1098616399104
124.92911250288842
590.8532992097073
-236.95518915043783
1219.1959902144647
1200.660467850807
-322.88038646360997
492.7975126442253
-775.7418966406913
-810.6389628027472
881.302413777878
851.3560336639588
-1513.5453420837232
1196.6841223928186
-637.9667112576161
983.1700581616237
1152.3005104052618
1163.7399733944487
752.367822502958
1193.9136483061134
-1097.6912411509263
-280.194647181164
98.36560674176073
378.176711664837
428.61005328107217
409.4623104684378
-863.2853751371932
23.875139940652815
988.2566995185099
595.6337636095343
886.4906635913707
893.5068371592339
1437.6002967965271
-1805.9372865761857
-75.01685331100936
-1613.2343966409337
-534.9740155745245
-1074.538175713976
311.0465808849629
456.1435030795065
-115.94766875918467
115.50572948637326
-1593.4195429295646
739.2903508257695
-369.2481782628197
-646.5326456040557
141.92211893046044
65.54605425333054
1340.2174320673664
-994.6039661009769
516.5982806096872
-476.71836358591264
649.0652088267531
-1104.9865396928744
-525.5268288646108
646.6662648274115
199.66280701963373
339.73222217127164
-1170.690995029636
-178.73031548858629
-158.8665039546131
333.96829758586233
-1457.6277169940536
409.31224338672985
-445.46471083050244
-88.4704737748311
-786.4436193963354
406.51752769849526
551.1825190784692
-1132.320858594227
540.7938527875327
-1231.1817676001565
543.2769532646349
554.7927536041293
-137.42479053711727
436.7926726778695
432.7372129202652
1.4767229136570208
280.4050060826634
245.6450688952017
-1079.0530642424937
679.1180725718152
675.204813115171
690.8539430950535
-587.8899087108924
690.3813404848654
126.57794709459644
548.4577401851163
558.8422657322699
550.5457955061465
561.2481912414772
557.0373005770728
741.0601513518526
-683.9273248501784
1018.8757607744961
1017.6777710363237
-487.89213005948494
-1020.2003735240676
-394.7851551601713
-1389.1154388960947
-2321.5054319815304
-202.72737565324493
828.5222770818491
-2043.1536031857838
1085.2144867059255
-1731.0278455077091
-442.003941504838
1.9290177291553245
1280.4178447317436
-837.3281784281777
1433.7017356673157
-520.1937411728841
-458.17469778022644
1167.4175643057645
1418.8097597046633
216.8268226924219
313.3676962691645
-507.0911540530604
-569.1045642502379
-1686.2174965576216
1385.7813746250843
-2059.8251825251195
887.4266040378676
-746.7369600410032
1230.829840755606
1273.6211559353953
-218.15193114733754
-1674.3201634677107
592.3164637871541
-1482.3023337465586
1432.9148819425002
-209.71226251119157
-556.827039320918
1463.0789417797741
-399.1721440861534
-148.83320816659833
1709.6167775244598
-2005.4514444888832
1699.4662131317177
643.0249196138477
-2230.0280601098452
481.89680750665065
1186.6852886221602
1074.5845803047964
973.0538996097577
-1978.458801017434
2019.21272568413
2065.3070210836786
1118.4292052104377
-1379.6653846652512
1083.513465321025
1445.0369206755227
1582.2989852251112
-423.6387908844802
-1559.3009419653436
-1251.0027159790457
-477.73608494126205
1491.4411206460916
213.34501966173258
-583.8726331338929
-12.81130492696625
1516.2984937830083
-751.6306162571663
1557.1724917934578
392.9635609559127
-231.86971237516062
1044.2936166759036
1032.4756585329048
594.2097979388499
-1179.6663917567803
360.7998066897744
-221.37618929112202
-397.64002838962756
-1491.5051725849414
-1811.4310687277402
108.31608084091393
270.6280687870941
-177.63736141252485
-1628.265512635834
1424.1940529522258
-2372.7943881396673
-1579.5278149945552
1601.0139022830733
-1401.5420288839052
1803.9976569764654
-596.0979083672808
1809.2387035095535
-877.8008433727008
675.4739749761574
948.2460123239869
-2244.000786806048
-922.9294128540566
-1675.4775220185852
-643.7381785106933
-422.42960877800965
789.6381428271047
-1312.2391257099891
-29.39896364759942
-2079.0884752058532
551.373918398896
-1129.491631134298
-1007.8690707421447
-11.786027389006364
-2187.5219916651367
-793.7757711903798
1636.5183871116055
343.6822787795929
-243.52136864791873
134.01717127288603
-1864.939617633785
-973.5816872874659
1811.7753546742065
-1882.3926328721868
-1540.7197705100589
-806.7068467990867
-165.35035191179549
651.3176586739655
-1529.9184101477854
-928.5281749984086
2462.360820858244
-741.9502577469323
1851.6654490506473
-1653.5927279741093
-524.8862933774617
-1121.8844865765477
-1673.855523102592
1277.679360644565
-1402.961748087226
1204.2521125085307
1393.7220141837295
-1969.5809984648931
-2114.132775902617
1542.2349409593714
373.07187975093524
-774.9287672292598
-1996.87416208905
882.413761712406
1348.5942039971446
1301.7262026700519
-169.10662857119675
-1699.0498603675983
1049.948285616596
-1742.0449489116497
991.624148535815
-550.5877741505622
-387.54537206761336
-856.3315858728037
503.8513521044735
1536.4273181013518
-430.2068731888986
-1999.1894633296486
1533.5268821257798
334.3482309051698
-797.3277554266278
775.0165295095129
-1153.0071109481078
1805.186446089086
-133.56506442060657
759.2476825574105
1695.1989057958513
-613.4088294562972
-845.6788738425186
-2172.9484740326143
-1778.615044419985
-445.2147384183042
504.6618702927817
82.10517483566548
591.7264432203157
9.264353405205533
-222.41408794615725
1257.5371063201812
1410.069530811118
1167.373696626767
1173.4901252310754
237.35740257106775
-203.6885454691993
155.0852523167101
-172.59583576284655
-337.92612968596035
-557.1978769320896
570.6582002035635
536.6248396192119
-2393.1757196702783
606.6521177200854
-890.5686591271739
-946.1675933657688
-1803.0995605701821
1800.3487262389262
1261.043097851926
63.360263140078494
-1672.0129794746797
-767.8871240812668
-619.0864932163876
433.98540350392034
2304.1284623939555
-1472.3874767496543
-528.1896075722618
-970.3654921987159
-344.03107770396343
-1714.0678755147587
1055.230234273111
-542.7436666721508
1817.376950114278
-1463.5062603485328
-863.6135651129379
743.5172434978841
1804.08033756662
1538.6754355967894
-132.2317960906513
-1462.689147269457
232.77682847994967
-1292.2508390430423
1159.2357659432744
-2240.109504237797
-1675.6191115669787
-146.44072657424937
590.0739658855972
-1835.4614213808884
900.288777780954
-1391.0510837272354
634.3725153909629
190.5972050241069
1276.4913097584763
555.2508114473098
-1015.6397874062709
-135.92946207813316
-363.60786079575547
2068.6109588587124
-2006.4126157134942
-1889.3951113351832
-1126.516687358277
-2271.332854371737
164.06220698528233
-1718.6284872710069
-1941.127306508627
912.047131997089
-112.15374896675957
665.4552542376263
-2018.788573656447
1311.0146306640847
-523.7436472431434
448.1051838713446
-736.6562381434501
-1155.0468002921577
-635.3887329370018
-1326.0616344401742
1091.8330385784193
-592.1879722873788
449.6477061949211
1109.7749991750939
746.2765434900368
115.40463832233928
-1438.979160367753
-1375.9359792378912
-367.93274507261316
973.057800974208
-1842.9719004133246
-761.0539795679849
-865.0241603155227
822.6761395227704
-2025.04405202893
-1004.0612517134457
1241.254857280102
-2250.534909269899
-1551.3836663207173
-2210.735225191069
-96.22187961647982
141.6958383260798
1012.340214466711
-753.1682922594753
-1761.4387943570014
-946.5045057688054
-1095.0401495094543
1394.3121728161213
-101.60377669480691
1223.827067323719
1278.3044724383242
1276.671835859194
-375.24530116579757
937.224725090184
1615.6537111383686
1203.8842320377375
816.5981782459385
1252.3550497900042
420.3243654869844
1630.4453660234237
-1582.1215748365235
-967.7701907314229
896.8836988603098
-920.4272291855804
-1496.8227928473518
866.7125291374259
-1241.6362349101469
-990.9441859834667
1694.0652698333731
-2072.4010529792426
1690.1287470294508
-1153.9106087089697
209.39478514853414
936.052409312213
-641.8136835167985
-697.5815043020453
913.7745742858724
-250.23550110448747
-656.8771910836916
1452.3318602518925
1456.0748655736238
198.42276598532726
1414.011240476229
371.70080233435124
1539.6891519704548
-105.58745055871145
858.9123695726306
1530.1231422250692
-1970.7620205381886
786.7264138164812
-22.66918092992225
1727.949917653897
1721.2773073587089
-1555.9122570433792
-1295.8859046986088
1711.4177526616359
-2006.7313512631686
32.289475440663054
277.3286696544655
677.8770109294999
-158.9406587272353
-708.1291380685303
888.4846719209762
-434.9920788493304
1166.4887681573568
449.28197826146896
1221.5067584835454
1253.544682271154
-319.5537998954248
-296.7935856962565
1387.453661764984
1358.1841714773361
1343.2792151252008
-1581.1610446730003
-993.8966086827033
-2102.7201283853283
32.031896810036116
-473.4527586554341
1244.3933062223966
702.3734929915234
-80.70673985826917
-1170.7089440162192
-16.704484774582042
1149.3122345323045
-1365.7188638649639
1163.9840699618449
-49.3611910347406
-1790.334914603755
-1081.782086585629
1191.1835581766566
1193.215267763769
-1405.3140739526887
-1838.8444189158165
678.1343699471325
-1700.152844536493
-1818.9327125150096
-1035.9936601340917
-717.4639567821011
-71.06340092705739
-933.5326970927292
812.2545828162567
381.1514509184688
1102.223837512696
-1608.1625157688022
576.8209542865397
1177.979429509243
1409.5858293564816
-781.5259038798115
1297.2893374583596
1396.9876178679708
-1642.593090384466
-412.6750336227669
-573.4919131090244
-295.96988948531055
-421.4335187271964
1037.888953911104
-1296.4524587871888
-89.14683762038173
-1431.9099693775079
873.4705835688867
596.148130061902
-1599.71554015517
43.90591630002156
-268.82010142790125
860.8252650782598
-1480.9815276638737
1271.0328383667245
-1557.6679625106603
133.84141920103687
463.00901672251484
-1659.5883520792552
-1836.7618382562703
227.56792099783803
-1666.1642354219252
-1211.0140617550344
1481.039169277619
-736.746005061299
2214.948323366423
-2085.8256469549974
-461.9809766132987
1139.1526331361554
1309.4506615550324
208.2605365758311
-332.0240875977215
-1166.190652457597
-1362.3757448669453
-22.70530207004667
-1411.1661394943906
847.7809299691934
-443.7064086816339
996.9148786830397
986.1354351262593
-692.3176053748741
634.1789295707995
250.69243103398634
23.65656321647711
1055.5045936237325
-1878.889022781212
-132.45517183665632
1398.1332596058828
-1221.69345502356
-999.0719563789517
-518.755991369667
1372.1593169063437
-1978.6976645266625
1767.5563804894473
1745.0060200376251
-296.4931378300863
-746.5856039266326
-692.0630360129451
1759.5142704842096
-593.3339867055352
-1733.4401060191906
0.484430697714755
-2063.826271638967
1694.2115173740597
560.0550953547653
1641.100601389351
-2264.2751107529807
46.96070702675359
-895.1422178228354
-1756.4778002977678
102.99694883334631
-1281.958779403067
1779.4756170794533
634.4310810499983
-54.408074414147755
1750.6566615548907
-423.23192861951327
-328.2114409195846
-301.61382609234175
-1588.3363590004012
-332.06108752976166
950.0920148263253
876.4734595020851
-1444.860105467916
1312.786900587639
689.4659366234815
782.8149326826681
1506.702478015807
906.4286201906382
-109.12451673767646
-1936.6095196253984
-1831.6161590104662
896.934380859447
-624.8112756096587
1404.90577557555
525.0998960593996
124.97163067529891
-1091.446156159172
-817.0074330691526
-2064.928075258597
658.7106266220832
-624.0671401092333
-166.20684104984858
-1540.7873386303322
1709.4687857080476
1542.1938236642811
-382.17934711104266
1206.5570183678744
954.8043654653961
1601.0249105686248
1435.6920685445775
-1959.1933080847032
1376.915556846903
832.9723700104757
-878.9059508625629
-1817.7172473473843
-1141.4139263427494
-166.66704517149628
271.0047605346772
-1409.6048613164314
1597.5378461618723
1621.1077448186043
1509.176666546275
243.53619337812853
58.096654375226414
-723.1820565592377
833.2500647572465
-1189.8969719858521
1237.1942212183642
1236.0520666182574
1398.9713119315572
-1512.8867301502721
101.4796588466781
1420.7646882729766
-1266.0838712827413
-24.80222833897976
-1264.2749061991651
-977.7561680851697
913.9591921483831
641.6206055127024
1088.3616496130144
-816.5619704245277
1634.8041409245805
1525.8445572135329
-1410.7036774867088
-209.8909325816943
1498.8888410620516
-1331.1618572816235
-1591.4592393199453
1348.4540916564604
-1124.8660247029468
497.3734998212639
-157.89054300826302
-581.9803348733096
-1073.115845553539
-208.5801279229476
-2484.110947110582
1415.7737863632012
-1364.8512244353121
1427.834260321948
616.0828594457048
-682.0503171427465
1017.5624350337739
1043.9058384588905
1039.8699293565107
-1042.4355528249507
-1464.2630158630257
443.4454966424253
742.4019702557372
271.9245457900775
695.6215551603495
774.9291034343435
1854.218541710079
1802.6018028652622
922.8785396715035
686.1900591088605
1840.3022289165988
-57.49097465813476
879.096376068972
1359.5684950444258
827.9977086768217
1327.596854720283
-74.02740505886914
577.5626784309977
-376.1295566809187
1787.4200548417998
-489.7366792145815
1928.1888281307236
1836.7075803411499
1197.0143474961478
