-42.43606285192135
-28.23129149888234
-41.81840171104846
-24.893435072322006
-72.46391779836385
-47.60863597444018
-105.98734093416553
-42.92312555077459
-133.15139928631785
-62.083159235308386
-142.21243844271515
-191.6740783908683
-61.95454621881951
-35.05648843882633
6.598251151390059
-21.631402486543895
18.700331303804838
35.046854728249734
-30.47426488552547
-31.37580737622559
-28.971463133910188
-10.56701526398172
-43.52520216473738
-32.00174287483394
6.551800113299732
-26.08088324423693
-9.64437189907199
-3.361994696729042
14.002216974794193
-3.862025805352521
-96.8470633758099
-61.94592647110718
-175.87758699787722
-52.177082980920545
-120.32011140554674
-119.03152926222947
-53.83484386392109
-1.337979557648503
-25.267042559325677
-16.667381461906746
-58.12334449190387
59.99074672276641
-79.06929423974904
-15.275784499640435
-383.19657576026475
-177.97411897766023
-509.28607913952834
-216.55741072290786
1.3095911761909393
-43.495559109410884
-159.78376226592982
-37.579265041353004
-291.320000230488
-19.30630544083593
251.50124996640247
-87.78170993503888
87.67395024317146
-192.39529262801224
226.53688192584005
48.1361943857513
-252.0046039709977
-96.40977243435997
128.93838079890938
87.45089309608328
-173.8090265571541
590.1116758392457
-85.23673733764045
-98.13340556991203
-93.54626877571644
-63.54851752455546
-289.0497634280325
-195.9279564955783
2.815013576417379
39.70562684127321
152.0950066504933
42.990686078900715
280.47311387060125
168.49425907072612
-86.2165469189022
-12.939405380094957
222.24306664146619
202.66002919579685
670.0961967839079
-369.0712284946801
67.81967643747483
-93.7157707306809
310.5465071024223
44.66866754124977
-63.994684570645184
4.737023121266272
-215.95608461067883
-63.117114682694634
-357.9667508746479
-432.5790999210742
-1137.5202516197612
-364.2652635197964
-218.27847712887421
-141.98084503903306
-367.1386310522745
-145.6310431508673
-404.27898024272764
-598.8320439666028
-43.062996336242925
-55.06000094311329
-108.28389713008046
-48.56169067822644
-94.5459238758777
-154.06730242877913
-44.879466254129945
-28.840414411266863
-67.75773653965825
-28.94197091202143
-120.70788693974231
-62.1191869332915
97.37841876457877
-64.33117431744071
-38.59730928688999
-178.46237856806647
-204.1956234476162
-1.845813757392964
-310.1293175864371
-92.54929165485741
133.30782425447836
-29.853635696524847
27.874720907930236
-211.14778233132463
-222.149011284375
-145.5931613205047
-264.89422642759376
20.939467544041424
-1134.0242467884225
-42.44185781613746
-99.7811111342356
-131.0333625726362
2.8634117416714555
173.26953230466793
-92.66758278809675
13.239687433455941
56.82765945510364
-7.721897167965913
43.154221867978194
36.51118705394553
74.8520441472366
144.0077546621845
-30.740880608926176
-30.105167210961365
13.572515490430213
3.827110242950487
80.91653875105119
1.2702641382773674
-456.0546726236091
-32.65180474979981
-116.54075859019603
183.57981420609852
480.34484602364535
-347.7149735784607
92.62595970695696
-78.59025780207153
382.9992337160992
-243.19872157973398
-177.46029177015157
-425.4136092671906
-411.8429812168684
-162.85109177015323
102.14796327597251
306.55580082911627
729.2650029420196
583.1144081096791
-338.2823764597359
-63.32050383242622
157.31244695397385
191.2356252626443
414.1842202246847
-75.71016187175113
-24.05648423476299
-24.95896601671449
28.001151543028875
-14.564987124453683
-108.91964381513715
-82.44751987088291
23.947019096875593
24.670079111384037
77.07748075276048
20.71340150705271
181.64382627005
71.67004209396302
-24.652642106184487
34.5017366345332
-236.91545989751089
9.20906987956649
170.84669999768053
-205.88737199173212
263.9151138985943
24.40610541911121
-341.95117095940924
235.1825192551725
-477.5853182037966
-893.3355428872184
225.3198207589488
-45.77937263935093
-298.98117875645164
-341.46296991905905
-47.424147340394626
-247.96524801306708
292.51606170531886
-49.47340772202654
31.607332162015435
269.6200673818441
174.6183379018664
-23.06268511263194
-2.2045044288486513
-30.653835927457184
-15.085851199541926
-11.142743038449128
-85.30529864725122
-61.41128858915786
100.22249171023964
39.18430753646052
176.42842256102028
59.35465870991882
111.30547977177952
101.01045147500685
-253.9878615308008
17.32719785958902
77.86764434697659
-27.44821118407107
16.04400142784202
601.4931128875646
-176.10164889546152
4.377793576194117
-7.847991866265608
-93.74465522738586
-372.7977916121282
260.81957344251566
-285.5387647040124
-48.00095615752487
-17.882472881473376
-72.84821372075726
-327.00735449615894
373.3684020641715
99.25940357915636
-51.43328290594033
-130.54538549272488
-133.40006939537014
15.92990869921799
-183.76377934106154
-67.7120600345352
-46.87421873248963
-134.95137668857618
-58.19956340284089
-199.02705940241353
-163.1097452504778
38.22742071081859
2.6747195768763876
51.52738806948656
11.832395543365845
-15.243571473037056
33.721249865292876
-43.01748345148883
-26.51958951644067
8.360525778431459
-42.19453961093586
-305.54572514455265
-3.540991797754271
-57.62836616130907
-32.823504299618364
-97.70503342637222
-58.308484506220594
-280.3983382304589
-8.529066137227689
-62.91149205466711
-37.49247538006106
-74.64976095291101
-23.92684846021566
-12.809874948573924
-105.69255170462935
-19.665983321028072
-16.52779867779215
53.96856267916593
8.365717571862623
100.54858366482723
89.25746131213508
1.4038089433901524
-0.08337680068702646
53.2780485399964
11.977171697452432
21.765274369020855
39.30136998735525
-33.57979256992885
-54.32584850665989
-174.11288500292102
-41.04305245578429
-370.4063472492911
-73.85990978410463
-342.8392640834496
-87.21711678304878
-260.02576569786606
-254.649022208487
-340.2295068359693
-287.9686452566658
-184.66600685387888
-5.976854874499589
128.20905588411318
166.85566887272572
174.4743958052005
237.16461473218982
59.428646004731704
-63.20668473727565
-57.72571122595029
-121.6641438831928
-524.4740192656755
316.02504731639044
478.2092160587846
-49.292409591102825
2.195295922736248
118.03188736896682
-815.5142765716697
278.9997770361133
-174.31432549922715
-63.38698918314947
-143.8697375882191
-221.07261667792517
-100.11689937665258
-262.91205850835365
149.32973597938494
31.36655929247444
-72.95483664296948
74.01592430441988
-164.24055451872687
-19.24415386564444
831.8083591932835
-293.77403313449486
468.28491591072
-228.24296802396682
1701.7592929745429
353.62892477366034
-239.11729527607417
-46.75712650769606
-22.348937341042202
724.1543000690349
-932.7356148993506
-1146.7112854724985
-815.7184134747167
-321.90093572946705
213.81594715959062
864.6427034648636
-1178.1179178065986
-1546.4818749109927
1252.5813882725472
400.7616096414955
717.8622681537444
854.7004021179462
-790.9493977257378
127.48319332942087
-957.2772875277016
-86.54577263515144
-199.03733414722777
-354.268052791609
-802.6846191712349
37.88610904639336
623.7337557494737
129.57669339302709
307.12477441510214
338.6071425523312
643.614623550862
231.25290318883714
262.8688213537901
-262.5293453659221
-299.312348147062
-307.653466291207
454.9968643867857
1256.5929054961873
-1711.8175093243879
51.414995451496445
748.5212130724353
521.3588444902986
-1114.6182155341257
1096.0857062100401
139.66001461280194
-198.08201437357732
-512.9153876742354
413.21166786606744
-421.8874260754437
321.8702951515722
505.8847907572666
-458.3577005419842
-251.44283034197596
-368.28387848418157
-1509.2835313755604
-1834.6074662252909
10.57464344548137
-90.4154841006949
-332.2866754833868
-237.84735776852006
-692.8224122428022
-77.8754817061872
-189.31422051201335
-41.34107863406778
-80.0703107808513
-103.07330850678342
-557.4179888216106
-75.60113756955135
-378.19843392788283
-150.92206632359535
583.7293570578978
-589.667702645051
1628.6639199004412
1287.536465908048
661.8137019392025
-536.0528743166286
-413.99990777172013
-509.3020147002384
-796.807433339849
1312.5294264131978
286.9187941419038
4.520218224620731
-1007.7665817467246
452.3296769278685
-1243.2767255372028
-958.4518714659258
-1202.2690936226804
-234.14943370861275
277.119718747237
440.11373175702334
968.5783945650456
792.2910274062845
154.88241790251456
32.81929169230184
176.42552888563202
337.7206636291231
574.3363529332817
408.8036672407272
-264.775682884686
-3.212576055676826
63.45438583380923
-15.10865201737729
14.779641857069059
447.9896760415682
-200.94144115245126
-201.26188558633487
349.0704878368987
-659.8704262567109
401.73565232438716
1062.303249266977
-88.9936151062343
-449.84651329330006
737.0870946718027
-1058.7522122083844
-319.7608408038546
1085.0051428281727
-647.6821909882358
582.265747611009
490.1816956960133
866.654291396337
101.65879515336357
-771.7528334278312
-127.94510447397565
-16.910212181617936
-58.85415065169075
-304.4175979905622
-188.7541308477118
994.2092209470449
-154.90467480788703
-48.19917835343874
-206.75512597269184
63.7013151029651
-493.50344758872063
-74.83032098882995
552.0743648013175
79.32148310719822
317.93526531765747
-33.47355571900128
-694.2642841755062
435.68570281651216
-247.55931119629813
-318.60446066728434
435.05434781959406
479.2784840607049
217.45267192650337
-1521.6915697147756
830.1351602266003
-643.8620354122206
-692.160767964289
-910.5706670798062
165.60401736743069
-1507.881581266602
-798.5259082518567
-366.7722931655089
-193.5117392378676
336.7646112601956
-1246.1578250682865
-92.11755804814706
-618.2481506352847
-14.556076027636413
487.41572744103945
-373.1770217394534
1073.2478820191584
-533.760055516741
-137.06930585376767
-31.691407345787784
-124.75492929906018
-37.68262789569175
-764.6234159350213
-109.39991356988176
-39.18320074851368
52.736681046404584
-6.226233684192644
80.60105451040259
458.28860739033564
-419.5788600375294
-329.1843856036854
343.4312502274227
616.502661358048
978.4415000266588
1921.5431748934122
-38.19387602876236
272.53124801501207
68.89618592212597
238.5157671570931
1063.0081215142116
237.37999980482985
582.2096628332704
-757.9811571053451
395.8001069693845
674.2818572132662
-14.607478813576314
1256.8726560377297
-5.2458322209402475
1179.4918011121897
-77.60839784270806
95.15933558645433
-1011.6826709805636
-1347.4731565664501
-449.4797706892435
-390.34341003130976
-51.36380551569695
43.84673648107588
-392.7656381416845
195.37852380606915
-411.86998175885105
103.78484971331741
9.382923375033933
-23.695058740396583
45.7621448710393
-104.66206938078446
-65.22178651955412
-545.0760696908502
-7.0616556610843375
-124.81542710410794
-31.826567941909033
-248.72460903750246
-400.0221853952599
-587.7573182116149
-9.433606114288489
129.1003537139664
-63.90225186323066
266.6169005903574
-436.25999144942216
537.0294084796741
-42.13056975332257
48.870239039518424
-367.257847008255
-27.924685994032636
64.71455723396231
69.94472283214486
14.688033808819167
65.22043267899417
219.245108477707
-57.29276714101414
187.64067019021792
194.88924659667046
5.344803009102007
51.03312591533767
98.02307982451491
-98.79269582566985
125.53157650956021
-10.713080547938878
63.92162206620948
-122.14377301784862
120.16206796753217
-33.06552441520059
-178.53285959528105
114.94514155887921
6.204055196776489
-844.3506813711624
-45.21901372784305
-315.6449052443263
-531.6619663441261
-114.78895926954998
-37.202618014519416
39.99970914816919
-410.80259547527646
-533.0777691893868
-92.43603809957688
-305.4870097301158
-63.26622608548227
513.5737818346868
-259.9846460700774
-756.8345709348131
-451.3451352804055
-7.273574257541856
-194.01859682018414
870.2607938660366
113.61595509159537
-558.6542884434699
61.58538799407593
-277.21734138330964
-60.36014949173155
-22.16560753210654
-269.2734566578773
-896.5991018191056
-829.914734421072
421.62667130412325
132.60810487605
1287.53801151398
716.1580848480158
890.7633270502371
309.07177003841906
-358.0275127046297
9.62571868879207
-741.1992610283853
1546.7655604200959
-1360.8575161063816
-1407.5517971073443
-245.86889949667247
32.64682615163247
755.470570785484
1308.4177635336257
918.5767235754348
-154.9366585862818
893.7914959742484
-102.16245175669319
-708.3942826239467
1234.8117854974703
-77.28127578434065
-946.9296872826825
-6.101910726889973
-242.61241994620872
-237.84681117486215
-169.52121348175945
293.91867470039057
-1217.7761267821938
345.86177571758736
-47.88948345518025
575.6386624454094
-527.3265890738614
15.76223654577034
-264.03483481169786
-114.06360930979788
86.07642467798
357.82294993194597
-517.7232260624585
-919.373577195814
701.4525047592849
-304.183038219055
-4.137785621811716
-847.6918796119174
-726.9400833048794
-1482.7868624859175
-364.0356790196444
-182.68604142204
-12.434679043234105
637.9032725280076
-255.70552329548525
92.66999496186031
-1368.7713688480917
1285.2773584312215
-151.57282352484026
1197.0430064460656
-1467.1871129741494
-419.9914878478434
-1352.6793172579112
-34.45468131538947
-340.0606962417494
-926.5615448193731
1347.1393731569235
-683.3187809406019
-881.249228571641
-475.95427785720887
-142.6708665008189
-1206.657312586029
42.20879809491509
-308.5968081579748
-501.80226370042305
-201.37428461934925
22.893072981439516
-1255.861399479254
-311.51749642011725
-712.076185748752
-444.214044364915
-1720.96019263599
14.32277378065531
73.37770126381656
1622.104241274156
1112.5688321983416
1710.1673142521176
1196.4123713981587
-187.06503218577805
-1205.3671239527941
1489.804467002151
-1956.245320411757
1243.748120159989
-179.28668971036385
-183.56637865803603
-522.8349729613137
-189.03154310790035
-1021.9997266438957
-972.6845719124436
-65.86820025178864
-169.99282364332444
705.5179736027078
63.42899080725025
1419.6902318866528
-589.3483740377349
109.78195064703262
-118.42322808087745
874.7945075460094
-277.3920797500361
-482.3359010633793
-369.7789610207164
-415.3214873250709
24.826291737928653
-254.9000484885108
-500.80416916221793
885.5881142019266
-523.1511775707224
1049.193642383259
-102.85758646830361
380.44247784777343
1593.3835167907869
337.44321332342867
-838.5505125825405
808.6540698193725
-179.62801943063488
-808.0893442851759
-1375.6760208004978
891.095392103441
-1448.1881780836013
208.99807531893518
-89.65854037022955
-1273.9265113966549
875.6114920032796
819.3085365818797
-1362.404218385235
423.3968133244024
42.799034996789814
-823.7098649927939
-527.4615184992635
-1832.9913424513684
-1576.9288722968067
155.8517227885798
-75.20587261354159
-482.3469958228551
-280.9699281460984
-4.9547920739687985
163.46123353200238
-16.504213146221424
78.81459549633213
-211.15867841120624
257.0484684526332
-402.85984555280976
163.7024604531845
-1755.764267924436
295.70878572572155
-385.4454555931252
223.22987219724126
-1675.6677732944054
-1642.4359104364873
-525.7709867238533
-39.991529686965265
-2016.8756762707849
433.6314420112391
-2095.5505334623867
-659.8500196682947
-1548.65923745283
212.26062375863475
-928.5581434499173
1506.265857482029
1385.0178298064452
-1378.898808112201
-474.65251373825004
-205.73958771554484
-514.632041509691
-291.7534713448519
1175.7317194534412
-1372.9482118565163
-49.8112398054616
-52.04510017889513
-233.65669421204518
-248.28217685571698
-926.6807097176118
-247.34948048720216
624.8328571420918
152.08867648996122
1268.4272181147976
355.17215165243084
-710.0617887038135
338.41103804206114
-405.19222069731387
232.11347923247672
-1181.3267537320398
-271.70428553283904
-625.4045484651425
-644.217468269414
523.5548006862318
523.2851439975346
-1441.0910177429516
-818.6942255365603
-1603.2661960838868
-755.6541618271167
434.08071305154766
11.769730546213463
1188.5190280381166
1278.9687361308863
678.0910090710388
647.3093866038341
759.0124950098912
-341.95111152686167
1292.9788345028878
-1735.0931639010155
-1126.0020391177472
279.4196541439341
-55.62802071844056
-63.082165334610885
449.9140990891752
409.94385267777903
513.8487280354518
430.7258689790495
-41.25300925524661
42.889309291311086
-1098.0921875847287
162.96823463210723
-127.03108772974376
104.30036249068527
-438.63506796461706
75.19156373989922
-270.165813254406
87.06587740014898
-460.23738941178976
704.5720454032496
-662.1344309872319
38.204033918279194
35.84336111941687
-299.96077569178993
-71.67201975920618
-232.02953770817805
-32.21770593430213
21.78008348081597
622.1033470170344
568.6675994504702
-228.74499402756632
553.793556290089
-468.9464128018458
-159.4740562904347
491.2165072909984
-469.28377827960026
199.35203136398272
-873.2910658764803
-479.0584598657806
-189.96395756869222
-1045.7703890210246
-207.1358091298808
-703.1103294481546
-84.09134646272061
-528.2088621031704
-26.273425683793175
-350.0683691673497
1137.293164482002
940.3051907786437
-353.2573144737286
1278.0714056665622
-347.4968031961503
-704.9548331786431
-1107.3159853821262
-1092.384337661479
858.8997655254565
249.17662570496012
559.8813181049302
-332.02089320780567
332.0866958356656
-608.1642820719161
-433.09413582238227
-895.7216218806412
871.2973418104735
-352.48862050899254
-410.29276498403283
-1075.6301141095296
-208.365063289851
56.189596435322535
-136.48604464759362
434.1586329660697
748.8239812421037
1144.3260727742488
-383.61605674108426
-1259.0054940020048
-196.59506802483202
-710.9761491373442
-1154.3770406747608
556.4000162968312
1559.1756228373351
-1787.2534923319095
-1130.3254401347547
1122.4856083030008
-1492.8583165092884
-1155.5678385580795
93.44386323733859
1912.4662592550976
-28.797934188307416
1446.952599113122
-1453.274230979076
2040.8931533290686
-556.7888582521242
967.5587330085046
232.53103809507118
-95.35195222223484
1498.0063349084276
-243.17899671453677
-62.33331661253501
-623.8512906244985
-589.9100191024942
-2182.083507315257
1562.2090317757154
-1338.1527832434267
812.6483162032804
-1365.0223418884573
617.7920160731147
-1103.8667526853833
1647.2747787498502
-1429.0887079237853
1850.5623279909253
-928.3610264412082
-197.83896065575198
814.2362331213378
-1486.424058126652
592.3297307362913
630.7992619371078
900.9486058387662
994.3242378592136
242.59489817810535
72.86197572981014
-1143.91534704936
-967.3160082892441
784.0006085514324
14.922836632134565
986.235087577652
-694.1493311967047
-305.71192444795685
-783.8259282665293
1061.8327350174745
76.16041135157978
1438.119708479187
979.1518086771816
-533.806753794676
-786.3594763012113
-1298.662148197316
-1108.982203936292
898.2614849629373
-1304.8545732777607
-1397.5237341560642
685.5523618126676
1312.9130639264197
-380.9166978351323
-960.379743647046
559.790010417916
1627.267973456459
211.8226196340971
541.1738630456317
-315.68426691554777
-300.4287375887587
403.35810188363473
219.56401070502972
-997.1934184780173
779.4436742424542
-542.258637576081
-125.78235512983446
-523.5862852687903
-54.805486422971704
-1787.1929563685737
1724.1943487809565
58.70976072953535
1027.3518946236945
-901.2284722271158
-953.9445305316693
-958.6250757343546
625.1424426601541
-225.91876955547178
1322.7360335821356
352.2851456247019
1553.3347402469483
841.1837027840621
-1391.9471755078293
-193.8266327058144
-1097.899205808917
-1051.2786139303862
1012.9671860864578
-676.392813423968
-1262.4397089804147
432.9246157067321
-420.6648052960906
167.82887356578038
1250.20860022804
221.1521052465178
-450.3863111562522
-866.6206349413632
-362.174770895384
-775.5558554667281
-1055.0165527957502
-969.3870346212324
-623.0525706232148
-173.55299090918888
463.2868025794451
-509.0578198272037
293.0333841343694
200.36560383879214
738.5845083438408
-536.4336642142831
221.9893352700419
-1379.854997375361
1616.9540716512795
-236.95190131423146
-55.94873291269296
-24.152055259141687
-1500.7668441610476
1280.4305259792968
-1174.3473151255268
-412.0344772197621
-1736.5568675074164
-709.6678125147741
-1247.1311079259472
1387.593973507637
996.6911702020211
-406.6389197675516
293.9213958368793
-901.6473876426842
-815.313453453253
774.5282968323901
-880.7272621359402
877.1196842268529
476.0441286048779
-659.5410627538555
421.90332041281897
986.1105628297956
-284.943282951703
538.9951159228223
877.7691493737871
286.1626814916859
466.0351149899309
-926.6122667146122
876.8772539454865
-1359.400341629767
-1828.7467310731108
-236.034196278332
-1375.6309467264712
-231.70731591093062
985.6766181403218
135.38509300655417
6.6448221112019965
-102.06179034817704
191.43880324256114
731.3850321524214
-685.1849387211952
-1010.0487636773387
-1555.6437869085278
-1100.404823669725
876.8281746345347
841.836065030612
1409.4679353493705
-1814.2245016476097
1369.2156690431827
1272.3724405396272
-243.45676448784562
-789.8459826871226
-682.5005669898198
-1072.054794180412
890.5177046635475
-230.28652251051872
-321.60138901852076
526.631242421682
-1578.078977568257
1193.6389283210617
1214.4845529396882
-9.713336677684548
-939.34975403174
-1040.1023572349382
1353.113668903968
-922.6510407345054
-679.1230365161456
1113.0111108659023
-934.064682000469
-1322.2503381192832
-1590.0369696226262
-863.2398807028069
-149.55229517068352
877.9581647171266
-609.0607823286638
-1728.2814784752957
2123.399257302977
-924.9211546016164
1266.2986215717144
398.30599468840114
281.27480953355763
-795.4520864386903
-1785.759284606915
611.0482652314998
-1317.7504834146846
-1016.8938991075331
986.6273251694581
-626.9240373552366
358.32837501976536
-1100.246690590804
-1339.5870710958313
-80.82154637142993
823.4636546334303
131.13760449843005
-455.25846195913175
-319.47625953495765
-1318.9660801509694
187.97978314732788
-136.24451941874634
117.60748635650445
776.9376444671351
-303.5461457714191
-736.6566213516679
106.11718399992132
1192.1259184534856
-34.857388614944945
-914.780656030501
1364.461730735772
-730.8409474340921
-55.38250815849729
686.8261530389221
14.76783895856697
1001.1764042628052
708.747285023178
-1355.7702862362546
236.65869561296108
-4.675170826750424
-1139.327098162138
504.12888613279523
781.7022296426937
-1678.8058106587243
-929.7484931408646
-1182.7710457655378
-646.7198106588087
-403.12954108658874
-511.5027688471507
-866.4400063597179
316.7497840112974
-617.4728272318878
384.12442910696706
1283.5126319829228
1292.9291596088747
851.0976072187684
1145.3635893106525
-933.0836776498322
-218.05470670661256
562.9812045496321
1461.1321822251803
1452.1285574625085
332.264588766208
-999.7966154713149
-783.6760867340377
1850.18236805318
-1665.0636757340935
-117.62502199712404
321.3087111313089
1969.8350518419254
2046.8185001611457
1105.57122611085
1242.9110370761048
-450.719380657106
1068.0682695028495
1370.9905323178389
1799.9603895321925
-884.0306575282887
-1141.755163192628
1266.4034322898794
169.05346941621656
1504.8756495845366
-1163.3907864953248
546.9444581941082
-1525.5648680926108
-999.2123320693895
-786.7607752197455
1196.6968601271387
-434.403456017111
1230.0279068444584
-633.4818112095764
1064.9020460603545
1621.1672067451727
-950.674505445569
-415.68282407504995
1246.9290129715669
-593.8791111128584
778.0653085427964
2209.7359069512413
1828.009112735784
-1179.7373457135902
1220.5490463350577
654.9031237957462
-1291.0731079737532
416.40431832807343
2236.660360737968
-899.4434517344131
441.7471415787461
563.484259692182
934.209503840571
-1585.9840146739334
756.8852339780724
-842.2295833948629
1441.216703247003
39.13152915685181
-917.4255742498416
-494.69397337369116
1957.7559297071557
-1454.0801910597202
796.9790058999262
818.0213761348975
-1476.4654502216104
2015.949656804519
-67.96822602479682
-1792.7050778836472
-907.8515746329168
682.0252571412856
-16.430039695620238
1201.5268708692302
1497.304374825128
158.01498539949992
-442.97917039062304
11.707983791066546
-2063.9535252306932
1622.6999481374041
2126.0793307047607
-1292.0462829153666
796.8945602954296
191.7249210599273
978.7453644680488
338.63804136650924
-1982.7631025757537
-1462.9099321718213
-958.4657821942227
288.52003425648087
-1995.4152800913646
2048.812448431192
-1377.366532341036
-2325.0339020718793
1710.6940524456938
-1392.6799672597745
1919.494006574423
2230.2228695431913
-566.0358288901066
-1421.8884596389964
953.3571800700846
-970.8736492610553
1077.5956164042248
1178.4818869679696
-1282.6558332288023
951.7321124255637
355.0540218485237
455.1944376644066
1036.1531401702393
1828.1795418670727
-1786.9787395170738
1592.2559273497648
100.90496705350162
1076.0705201396777
-819.3880521521983
2004.144321512292
-1946.2528454162143
560.6697637820758
-2038.8395556431203
1483.9660494811053
1661.402691127356
-2134.8212283662024
-1534.101284517905
1525.883810299835
-1187.8227546158494
-941.8180359588972
206.030551371168
-728.7284828887875
-1342.2698091355478
-1164.0776818994389
2393.421922846641
835.2753126294967
185.95323710442398
-1031.8905222213048
-1864.150506587176
-1579.7436218582714
216.26524810388977
176.12153839339075
-1833.7240813058515
-1692.5213532742441
1635.7287592492683
-1429.8637217950447
1189.010834392909
-1899.9680163439982
694.4861763921436
1173.589056536705
-1805.5225975099356
1443.9116397457835
-2079.529653487406
-1745.1785409499619
-1377.829126619646
-372.48831836486085
777.5825414382431
-3.8463409050426556
-1146.8817322927598
-1446.2509251827883
2433.458061633995
-1155.8849991375653
-1241.6143676698593
686.4962826229363
1376.0072795192552
2141.798122750458
1320.984385215525
-1240.2546700673727
430.01106785730605
46.25688488127433
-1846.6138284125234
2108.6421251717616
-1065.868029510008
1858.8680560020898
-2086.1097201320504
2268.9926473275614
2372.7359925491533
661.1383288041746
1469.9516586934662
-1108.6875278020366
73.93887146984811
-1509.988936530079
-23.501125545877116
-16.645423577325005
-1560.6747094520933
1487.9789912015829
673.1490221637401
-1906.361687958115
1009.2726635649433
-1850.6317209818117
-344.6457557064616
-2314.138954089761
1402.3026077700863
-234.80433100359522
1012.358589575037
-2131.6527554045633
-1545.4930841006676
-1865.046821045413
2034.044413811541
-318.4539167677236
2194.3116574389687
603.6464942451436
-321.75519590928957
2184.1115808863824
-1319.334426083027
1523.769152669972
-316.1918225838828
-508.4623242503028
1179.0517848932475
53.58036834902034
-1818.2424519317697
-707.5171623726529
-1995.4205197862889
-679.8135034415066
-139.614624814737
-1069.576334511079
1786.1354925243925
-428.7326195620234
641.9139779051152
879.219611487958
-1620.8444594495331
30.505662375756703
1339.3712235653793
-870.320996626142
-774.2258256685216
1660.1665967478968
1880.172753215444
-81.83725377539206
1921.3145409998367
1632.6895236006471
-688.3079479944165
-736.5784171450609
1154.5339503058945
-1528.7288374260136
-876.1334718156675
-1521.7802468717373
-2350.675764819129
-1272.0774301002339
-1206.312891713858
-1235.1416197808592
-2467.362741302123
1999.3401791885456
-2155.4229116415618
902.4157421134227
-324.66579126052784
1034.5705582870905
2367.13679182218
1129.4102022035718
-2078.606573295253
998.0820091303943
1373.8716005955582
-1554.5762300722338
1967.6958828257968
788.5468513009909
-1865.766240941314
1458.4337591205197
-1113.3135031335914
959.3337389724551
1849.1669033098933
-920.1529935681804
-1153.9061290304571
-1745.1246671667175
-925.2059882268676
966.2341792203205
1793.7095942974327
-1399.096577764477
1894.3916348873531
38.3367693164356
703.741192315496
-8.110074669601467
464.9480434863808
661.5769991015578
-362.1470739172399
-123.13893516368904
1995.4791498912923
-331.25598533939797
945.1513924934485
1221.3059901925787
690.3470104507775
402.19980657197493
698.3211444690927
-1834.906889078349
-1635.4366948389468
1662.6994072749471
-487.22563428550075
-792.5526837307202
209.30528051390468
1384.7076864183368
1557.2681751169928
621.6603822033859
776.7046698773146
-310.14546408694997
906.4263609822668
1186.0793910405757
1653.7424005056416
942.7190607080902
-1227.5359537045908
1449.93314888718
46.57356491774585
1335.3452756944223
737.5641092704813
207.44720908498513
132.6790103713256
-747.2556760932159
27.094301448447318
599.5621167137601
-88.00865802164179
-1546.907292398743
-362.20472987455327
-311.9656289771036
859.6651124289483
-424.62817554329615
-614.7644165472581
1511.915702013332
796.5685929305398
538.4745728726333
1233.5816042912825
-453.84761203836365
547.9571417659031
180.5376125809857
-1558.9408313799074
-1039.760618453875
-1730.4267647098575
-1396.8650794261878
-1219.1966449689257
-806.9005919750658
1530.1555886999392
360.161980988819
-1255.875291201337
2.2536057587403633
-443.39880386654255
-1359.3097148890492
54.3756310940686
556.6708352381291
-1966.9602429326444
756.8095993221847
-1334.7157086978436
238.48076488697006
-1080.4958807360845
1822.0583039152514
-1024.7998547630075
437.2713642769086
-70.14327123272554
-378.41924977948827
3.803442222483749
428.48686154622686
-1347.8705382518524
1336.2306642910328
1301.1490614820987
683.2122797752921
1304.6633776840029
845.3945717726242
-568.5431385268499
339.8894579626982
2029.3270189759633
1652.3409122364194
1780.8975248293114
-1127.2080747658558
-541.9491287463795
-1276.9141568470004
850.4379370665437
-1365.844306895325
-1541.2039247406697
-1308.9682240566142
239.40075946948582
867.1798655472636
134.75346612108032
-825.7376734932633
810.8443870950578
1878.8958426085985
1129.5101227095656
-906.3828116968106
-1866.915423295682
1704.5890356316186
-1130.4702475331917
-1629.5804294373995
-2076.855370324913
1769.298246359106
1886.7690572779143
-1603.3299543177855
-372.98102792654356
37.14978696771571
209.0081979486942
-391.030299239941
2236.563767436024
1988.0649075056365
-1544.4059995099917
-1508.4145619243193
-1243.066276600367
349.0616715034186
101.35637375897308
715.8678733375817
873.3985829921012
1452.837478077024
-79.27918915297177
1179.4880942815666
-528.5563475006963
66.71859533712319
204.45555596728502
-1028.109070152584
-711.3615702425141
572.376973651553
1439.7456013887902
1748.6103092052495
444.18280277337124
-669.5425533940935
-50.6010214669231
1410.1765182260813
-921.1832653026838
-907.653896389127
171.24032753071546
771.6410666932263
-2292.410804031274
-1543.8145008981128
-974.1712529783672
63.69219653332869
2038.7029966456828
-487.75338261325805
1899.6776357030174
-273.495978224777
-1820.0962332176628
1428.7538411161656
-159.20256492472384
626.1633986597568
-2024.4094431285014
489.5409882976945
-1064.0418003774266
629.3336801890832
89.03104716404053
-1592.6186967009514
310.75818338228777
107.01079733116234
380.51581793715815
1085.277231613677
880.5918444666963
-1311.9691003514806
324.2010426879795
190.00303169239987
1142.5653442110522
1081.5006487674486
1584.5061167670267
1365.3597926304717
694.2814951387007
-555.7335849452314
1752.6964841794388
-2020.7341590005028
346.0610519789063
1968.3493782143335
-237.28942430443672
-807.0875151854727
-1853.0471580555131
-1040.517023773992
-339.8325842472749
-1867.6939994624095
703.9528578810141
1020.6395989000919
1355.7457111999079
230.34657612518532
1934.8307925894233
1114.0600353934624
1553.024540603225
-1763.5098069765377
-701.976069676461
-2034.6969915537682
1808.9288020625959
-2129.908132921436
1468.7923347705212
-1323.602536703408
1075.694383678219
-1366.078972205631
1301.1207477226967
-967.165363891513
-1282.9811617023379
-599.4908209121526
-611.8724658156469
-988.2983075464698
-1614.3912754439284
-502.5419954723229
-1030.4235952224808
-777.5099435718945
-710.263615305519
-757.9368725882314
-178.94023931847943
1656.6043849989496
-1159.0114550467106
1084.3787706422413
1058.5840525978972
-434.58373843053414
239.22262691075346
1284.2113546807502
994.140368148246
-444.81884333649674
2157.165309665025
-1055.955538815099
1577.0431547232497
1035.253398625199
-1440.7855943778732
35.294731983282055
1884.702847651074
2298.2810578948784
-1328.095540342064
-563.1934042937155
1537.2943934806028
-937.9921352809082
1116.6060753503295
-809.8262674975778
1250.0538125719067
788.6792674843048
-131.7429979312904
-1474.2669176564532
-1908.6971898874635
85.6281144779856
816.5099995037989
-130.16297593825306
-334.6920176874013
622.0324800754927
1513.232852334335
706.7983266776297
-483.0599820727427
638.3083335280919
512.6215567813883
-485.67808142702916
170.03214553444138
-577.5436178199482
-1604.088814168577
-417.96199246229395
607.0978182618363
-473.5286925005746
-259.4971593502397
-53.77880377703663
1195.3626893983667
82.50176137561336
1640.9793970550115
-258.55077956124836
783.1623456309892
-1945.1571608020454
-1863.7059695107243
899.6762677105288
756.5653781002427
1175.2919526179821
-360.4530941735814
1626.653776216367
-1535.809157950379
112.65589873008574
1098.0933265643346
-465.18965481546127
-451.02679938297
-68.37686150871978
1239.3971973701114
1543.9562376104054
-1450.9557232180898
613.0226013477529
1587.5154831925704
-821.4832433706636
1206.3726772580903
1391.360733784454
1590.2125466566672
-1031.7817042871297
1269.5175428436758
-5.322322918154961
1555.175768361968
1058.8403364412482
-832.0179800579148
1326.0346858496885
-1059.9816637088188
1213.813168119608
-59.10015759710448
-177.1092718880972
1183.6801972239082
678.9610467514723
-82.17456290729129
-457.21873683998353
554.4237569487615
511.15040401995054
-605.1076656541588
-467.5755185601037
-610.561329186126
161.00340696389264
-978.244336738064
1265.5435812006422
