2028.2503955244033
-815.8314195847106
215.8450678320694
-1891.8515793955962
-731.5204643579157
2176.354251585547
-272.0620231972376
306.32384784304116
-1168.77253995567
1829.8864690121618
-737.5054928924156
-118.9169989373448
617.0748052946635
-145.3818405562359
605.2300530246453
2003.0863517218702
1632.1516176775065
-29.838187858797255
1051.81873555765
1950.3041124848799
1237.4066305366548
-1339.3607660193993
412.4034202190334
884.0292318283949
-903.716804748776
870.9399733107896
-1065.295654190488
830.6877506044111
983.841701087787
-887.721295002884
2129.5520324890645
1097.0260931079936
1686.9555518264744
2237.8470626446783
983.5082274317618
-1294.8516917901834
-885.1971124718635
-1677.4685180195206
-1330.9926221150297
2101.0138049714415
1590.6758583369005
-1928.4320713603154
-422.0171334051554
2027.6346923293663
-891.0508962882275
1391.992995383705
1956.7775587738852
1711.1519531204901
-769.4167162151012
958.1461588991656
1613.8905548053538
235.77538262984598
216.36347899312466
-544.6471186737888
-1272.8804299416079
1718.734568487519
-94.72266844919474
2166.660801623776
1573.62026639217
-158.86348249945502
-2034.3801002112923
-608.7770227997229
-65.38199925744885
-68.53279112387304
-2345.5514519657954
-1272.6511926626126
14.196681264144033
855.7978753597147
3.5777129959553093
410.33094498715394
159.55280490067793
-1031.0317555190952
-1069.772628620907
-1482.172740592093
1850.886999321191
1789.37530963354
1200.6115883593436
373.5471463162154
107.38489208367619
-2246.1590384835285
986.2926294156171
-401.02198973591226
1830.8309863722116
1358.7120908128234
774.2568294853169
443.42175318117995
707.6527494420357
530.6005963580097
371.81309694076083
1758.1901931797372
-1430.859730023059
967.1500259812252
1162.8108328528992
1026.6065411415887
-209.98611069232533
1055.1283873422344
1467.9194376040464
-1116.2864235978882
918.2139067385319
1150.144934255158
-157.02702136256977
475.43431277645004
-261.1806351029233
225.36002177483502
-1849.562492522715
-147.8573975159158
468.20912832649964
161.86020646384065
470.40616268514617
1955.9895418008086
598.6989620615416
1034.4951417506536
-303.2890304725487
92.38625121817144
-1995.7334304777162
-1791.1618849450122
1325.7875656844503
1808.9685434992505
2350.783458601316
1219.1919459479977
1186.3204392308326
309.0752918506298
-1815.4772972872802
-2084.9604130818916
-858.0139945773507
2204.7707191321033
1186.1820654471173
-1265.701313817203
-631.339602258362
2314.0318060465816
-1520.0219157386982
148.79186106201774
-2004.435789411288
884.0551103113982
424.1733408388652
-307.2903463137451
195.69824078646047
-1724.6666444154653
2060.711513414947
464.98737639743234
1152.4021178910755
153.39005650657268
-520.6781798146177
1230.8839905654322
605.4582644722524
775.6450276954756
1255.853218745122
1182.8899658591736
809.9093591797373
1705.9729686710775
-561.015159069714
-1422.995832735255
-400.917663033038
205.00492352439622
-1.1695742724162557
-648.3090687919564
-1910.000011875863
-1445.6212042283264
-1623.7482175768237
1116.7940703366319
1079.4365802301513
980.869862089188
485.1377473450964
1225.3726361073288
2205.6702907319304
2095.1977762641873
-324.0409931763435
-57.37004406291726
1354.9404795585533
-1075.2836634903667
-736.9261188927584
1117.5877285145687
1143.850056022995
247.32669112541194
750.7050575807403
977.7712828226474
1644.2937036610047
1865.7145065187735
1243.296361869177
195.613756334299
-697.804845742346
384.6274811201333
2152.7256703648713
1033.764348917066
-415.9773687199009
-1579.5134328531544
1132.2013503449186
1093.2633646333168
-659.4600778344447
1914.0486496741637
925.7830195123832
-527.7767340153437
724.9828236706967
-362.6339374745704
-1398.6291620438992
1359.326651912677
-301.6608336607071
-1938.8146692740036
635.8867119500144
2077.556054903861
-236.8975237089647
1027.6844525153324
1457.3348448496695
1078.359541335386
1799.205235514148
-498.392851554023
1130.8686847984175
910.5647184793926
1500.3662164671612
-491.4034526540323
1173.7776676776523
425.3263863530437
1137.2872169707775
521.9991937209845
-1001.8032299455299
-1545.9895327191564
-363.85272927353805
1261.5289650734376
-999.9886771675863
1190.9905508897257
-1349.6372908872318
323.82939841605764
2367.5590026677855
-176.6576297512865
2006.6728295961923
106.99442120566184
-682.9870070057332
-958.3985333974509
418.75888979375617
357.15764472261156
1167.7183908531208
1033.2482045631864
982.8960732096274
640.5136629445885
-742.997383626034
2081.053479746628
1868.335096105845
771.8050553213104
964.7406625166444
-510.47805389270565
-1360.8859638647348
-1101.2808548137116
841.748422142985
-911.6478549953305
-929.0460065855254
-194.01615465012955
-2435.2756724906135
-422.53114986064656
-861.5919885802303
-2026.5432246878213
2067.4079477403047
-2428.634182905365
-265.41443606273197
1470.7400540011422
1464.0696562978333
1427.2364015135652
1642.4840028311473
670.6240581626085
-1914.4936751166651
-2136.554821296703
275.89719445667174
860.9425982577675
1904.5443124962574
2110.9856990047597
2083.404833526369
243.7150974569058
-72.61764008109128
430.33874935033583
-140.958356522235
-2019.0907751741283
-2103.571656420797
2012.9584316867647
2380.241815841737
-187.76842031339447
-1383.299629861317
-1151.933060490162
601.0998765527104
883.4004379483479
-176.98135498423696
2020.5201425980651
-2170.7466653345264
-344.7952238028557
1805.515415821938
392.46731056012453
-1360.680014582658
703.1697541649004
1489.7747453272952
2196.0021380234084
1006.7071940424582
-501.79692900784556
-604.8905826101224
2121.709784708993
-1592.1054129092645
-2311.7223867557746
-1127.6441490296356
1795.8603399285562
715.5097110907566
1192.1267091274253
1737.3560852523867
1848.409678100782
-135.21671382849877
-87.18741531182751
1647.7215227148808
1159.8620811222154
1282.9629265311764
1412.8456733260086
1498.8823285520718
-598.3224104115103
1294.275975576831
-2327.407525073657
1128.2083404813848
-1008.843184127543
-1383.3604404032928
2213.9334801425143
956.889983010163
414.1193256112098
573.1817066219963
775.4674036995758
-1610.8978221465259
-148.2330677032806
694.1566840368823
-372.61416802261635
1792.1169742450243
1938.4560067299078
1550.014537230398
-1489.56462863615
-795.3689346873739
-1353.0609315009858
1412.6295675933786
-1537.7431603496982
-2171.9803525533857
1872.6454258836031
-1222.469570192564
1303.9229678397617
-2390.323053500374
-1799.2864924706605
-1890.4994276542693
1944.1948672152218
429.94948397863385
2279.926165384307
-1149.6997993430562
-366.2373650225004
888.7860386492769
769.4931411176553
-1770.8694592163372
1491.398057311162
745.3632074444145
2245.842221272364
-1952.0292542477514
-186.31293266076338
1897.392447605032
795.847852929783
665.1134244534252
-588.9025621112751
-1058.4338999228405
296.63431471752375
446.8539752355032
406.3944332404584
1891.9778664568098
-121.80482339860022
864.812751788018
658.3208246600971
-1766.3704968873708
-1683.036028136773
337.0304121536094
1810.9007414564394
-719.9566752636696
-989.9913917424246
269.87215471807724
-2416.708643701268
-869.9543929936186
1670.7145841013605
1237.7495884468947
-378.433943130279
-514.4465896145067
-1065.6345293043262
1475.8428822956766
60.674803609983826
-2476.476089220937
1333.6894361030536
-265.74144198828475
-1015.589751437313
-2227.655893705219
1013.4741679388981
2023.8519440280518
243.7617398409714
2145.286826246218
1248.0920262844886
528.4988464319424
-1074.925700233567
2214.1998965762964
195.6738816318393
333.03700400951817
1395.3929420733662
1393.1837136116958
2245.84001378762
-535.74088194004
1063.9514202764462
-1341.7480340211891
-1630.3180623667881
-586.4105411084697
1501.7040559395089
1694.7131699492484
-1093.4110968277669
-848.4287895230752
1838.9378345619295
1418.4741602882357
1480.8354488700325
-1099.8860871915983
-1042.3207196613466
1401.2348298030875
-1117.9538822232603
739.7086138973419
-337.7654237929949
1211.6014299983708
-874.4553621702405
-65.58085745704933
-754.9483988601879
776.8883196191379
-30.635890623916765
-1885.2040369173505
34.7026035756376
-1797.259525439845
-1274.4116171465707
-1926.9008398153064
-1862.0141192745964
64.22194072112345
-597.9991912047174
-831.7502623170843
1128.410995588705
-840.1377446314889
299.70175937100583
-1956.5909966880513
1208.4685575715305
-2310.8409674905915
1684.2668245797793
19.580396190382963
-1087.1634209331232
-34.194218957696
-562.7832391193763
588.3758707151371
-1079.719515441806
425.9013100095904
358.3449232245067
-862.603748941469
497.5581096647036
1554.8441254846955
829.992212835478
-2194.7951937470125
-1123.8374797499835
1388.8711646822167
678.5350209312166
572.4697769002958
1575.407856539689
1571.5864381783852
1497.5752586575975
389.92262350988256
648.5076885629187
-787.6331349017929
1335.3805173321275
-1364.7310436965688
1283.5547381520246
1828.7030335985933
177.917918978706
1825.642902533125
894.499071242571
1676.7141198459583
1923.863374422693
586.8331571013747
1390.7664276007297
1983.4973059833483
-597.521346747712
1383.2544604722552
-690.2207907517413
1619.1240822799884
416.6641758731826
-759.0337261001123
-1149.495386230173
-630.1270891607635
-1244.4916156643048
445.2845576278823
751.4480564879001
593.4095350655867
473.0451126688368
90.10555684714599
-179.25189554622307
-409.97233255883634
-258.938237963398
-710.6594150851677
-1387.2688560618333
1618.4319863484661
1504.9350654812604
1463.1742359968732
2024.5290800364824
833.2444486912109
1312.5536137441468
-159.58963490893458
2012.3407537239739
1650.0762253397456
1689.1807278394356
1638.0685198539952
1331.9229444703992
1484.9458600658484
2033.8719633570233
1614.657834108891
1321.650747567177
-1845.670723094917
1336.3731280992818
1596.4279764147207
1456.5937959456887
815.3367843301132
666.8491596981058
844.4944009371243
776.8313679965195
380.39458860653207
557.8015943390404
-712.8688715680331
791.908181674016
988.6257738617057
1535.8862538673345
1831.419508950552
842.8643967217267
836.4168801866971
-291.9067102624804
-1087.1201510484134
-143.1111449267175
1815.6264025298087
71.69863338241915
795.6815131619315
1146.1678058350699
-1451.7398997608566
-276.8274598736988
104.16626882241772
1110.3050487694834
1170.09675402363
780.360844255759
2176.2315100005144
1733.300675724038
1830.0714474209567
1712.1353033058954
1086.5722846111607
763.7325047360421
1136.506197924483
1210.939254645296
1567.1518656207486
-578.6377148365841
102.90310469351714
-641.9781388490039
-432.76423163779907
-66.71403258117807
2187.073918578584
-146.04611869459603
1572.3547305853313
1343.0232510080514
983.5889426044405
2054.974409236445
-302.3644576078582
-380.7165932528708
1783.8915093203163
-645.8076723154461
280.1910062647324
1883.8648607611144
-97.85307190832665
-242.96841001831893
145.62554033366615
862.9891538402544
1008.1320025864133
1019.6575746948647
299.54633588283394
953.2526692165015
1009.6811822440264
979.3547808396734
1391.881542691473
1094.8650176846684
755.4692204822636
1033.651739754741
502.9183151095888
496.06193722313884
841.3208022332967
-1040.4153019152752
547.2649837182468
-653.6902703555978
1082.5202790320723
275.8700402658707
582.9790292213474
1602.60406455441
2100.6634272095635
892.1290783148945
-565.1286715357663
1495.6822078608739
635.1525181987456
343.025424221452
-812.5328966848185
-124.8449856717569
1428.4077049645146
1156.771942065395
1225.8823662698562
1173.8640402558667
506.056419861399
1463.5791479069192
1292.2953142393667
1395.8688562595885
1602.238218380873
1371.8767983863413
