1015.6771152052463
1064.2684169297142
399.88247541177526
694.3444502458418
69.79236307302946
1229.5034727722987
1101.0914284006387
1094.909066509253
793.068198096903
820.8359277399337
-274.66141909888194
584.250064747337
1195.5181896891816
1210.2217055297583
-412.3729518024782
1373.4978602196516
-106.58351614461623
1150.0241160978119
1228.0496771164142
1244.8945668587965
138.0818251369571
1111.1688181844588
-89.9546985844816
1497.4147847128772
1233.6149003548273
1188.82250546566
134.76968747115794
785.3332170888914
517.2584576669647
869.4678098152674
1328.8977135639013
1346.7330511340942
252.49322229237902
1526.9721376313842
-33.43117769470851
1618.4163208213927
1106.2365624066133
1039.0695195243152
496.5796182098596
1235.8721420075403
730.0150816684317
1069.0355418422316
1137.9319859544623
1148.6206747005535
650.9000180630843
1286.3311623000316
-62.169817944492664
1584.6153942990525
1271.362782437259
1322.6743944759196
-214.3046900778424
822.9093307596996
-22.29616328764217
947.3126330281596
1269.0614523239449
1262.8157239894588
480.009446570441
945.4718831428854
353.4985775250649
916.3217934150894
1260.979446935779
1232.5127855792064
1788.9949617667003
1456.2923175161734
1273.5187467481492
931.8705639874853
1306.093722790692
1175.4827999344188
432.6108589551367
1110.8401901661032
751.9658895138808
894.7630902298063
1166.065241006737
1226.2683625278546
1370.1964073115703
826.8046143939081
1279.1042714237142
1154.6701002045368
1187.7743714893713
1247.0220395901927
963.9247605684121
892.5370010563562
116.04019002707591
1248.662807625159
1198.489965723852
1258.0185600052364
1481.6688344390502
1100.9889184786925
-144.34547837057244
698.4898713994286
1229.9209690577368
1321.6583399125514
537.0471613306379
1527.3291848399892
1344.902183652959
1094.8291971807107
1237.7297741851999
1274.08861713428
844.0028246589027
1185.1022861499305
739.2156077648167
1195.5015021211652
1147.2084205132312
1206.7945844308122
528.7998993377753
1199.679475692349
1495.2551426946545
945.2785026489945
1268.8550488504713
1349.514278192105
683.50821782133
1637.5805377885806
196.04331739609023
1621.154126656152
1198.7247163755792
1384.86686376002
794.7556044022828
851.0468225975009
1181.9604871777228
821.8235930516266
1245.0522500942543
1193.1376903725695
2037.2520980557058
1763.8775644534683
1710.65298780477
1621.8762037721835
1283.6850731881536
1308.224264637435
207.49814751801148
788.203279913675
46.77284110890114
1025.0861086026634
1174.6641814268257
1180.1212133985957
2045.2109394093463
905.7883750181306
-665.3776431551734
1471.2402139214857
1043.1561966176089
964.0093427419829
-525.738547814234
888.5219864582283
832.8153053501521
850.9350138375539
1380.6090190140967
1383.1849110730116
-252.02349590511014
1439.847765075175
1711.5378437630839
1405.6016419755
1351.8381548614425
1263.5570601520985
999.6282352119539
1279.2588170366257
524.1788816740719
1229.2422141509066
1168.6098177716854
1193.0163196834624
864.6672921512484
617.5493246815582
780.8097736864969
1303.6615127718467
1225.4375399187309
1221.8801231946863
246.0276189570524
777.6565433554608
87.09915604600718
883.3898201541083
1077.7800375392926
1222.407378151563
767.0890394476866
949.3501993381213
1011.3249682610149
1176.8264366406981
936.4126563422504
851.4358784403536
291.16154912135613
696.5904463896836
-412.23316874941986
794.1076195663541
1400.8382394187333
1376.2407480080496
1703.9382869660276
1500.0041507060762
1172.5642022510974
1382.0613513788887
1306.8413789200522
1207.0248245297935
1809.6282627901599
1529.0428934075244
807.1633131597057
1041.359243561016
1164.1752692654247
1114.9694522780617
-269.32902453605175
919.4197565536447
-1072.739441239412
903.7099559987406
1207.7064390592416
1122.5926022831231
-273.63269962587856
1190.5878263035656
1539.830762501486
1316.8446405273887
1037.0298867104505
1108.7352555821303
31.61363471975114
1196.7688051760624
1399.9770733761477
1144.1124585204418
841.6681623373726
841.9175394062099
842.329346322677
657.7164013274978
717.0484679588646
855.8551288328366
1332.3943344664826
1352.865894867859
1475.9150991158308
1302.273732927082
1696.3772250908214
911.5445770740141
1254.3099877676802
1230.8812918231695
324.6980784287713
1194.901351291829
79.18292161583655
1345.5046694703321
1146.730240016532
1113.3064119720223
956.7814119368704
1051.1743913394964
-220.53321427071307
757.7023619926565
1250.66841821407
1179.2589957420232
1196.2012295205325
1205.3566592329062
1627.4906425747213
1068.7454522949192
1069.9168126059083
1108.2625443473062
994.8932972645847
1120.8585675400707
1304.5791512842093
1232.355733400944
872.1164745316545
827.0169497986561
-101.58446239947719
719.6592034415876
-435.82403717647003
697.5208986716302
1061.1183379524298
1095.0076611054897
135.90855266556164
1224.3046122847343
755.3366078817279
532.4097750570199
1244.5782191344545
1255.370085929612
1641.572356352167
1057.9411993000153
229.07907125946173
914.9043927503142
1135.9726098701733
1051.7076857796008
1277.054285752213
938.2042665537633
-231.81411177873366
987.2172876521299
1241.9676592098392
1289.1537701057875
291.89537386603286
1414.5184619299607
1649.3780063622735
833.1078313913274
917.8135375864053
846.0099695387017
-593.5248322008179
847.0606831130684
184.12226969666415
639.5609188984586
857.1873832076196
821.3261867075942
700.2684034213107
824.9034458847077
944.5824151271654
718.2440873303718
1181.8782924972757
929.2586119138336
39.36048080890176
1345.0460768535718
1478.6487546445167
1150.3725082238077
541.0983832042564
306.70994163567906
165.35100093369667
685.5392365854145
513.0000068825739
648.5597680323389
1386.1246041289407
1351.081092538099
185.96470225729772
1238.8710438139808
303.17417037038314
1116.2554557196113
1225.564190697316
930.3699655238255
1845.220019698714
1507.9755813790669
1602.6310989510796
1404.6892066714186
1076.5964789178392
382.8634301555193
519.4722490631514
883.2465341391522
777.4450914704278
901.9247324627304
1422.5869469718562
1390.0926321419145
1964.8819117724684
1660.618625529103
1690.523591947449
1517.4335109140334
794.8533220665424
1085.2499919596253
384.02301790479845
1143.8700231015846
1308.2191655154074
1033.8500292349831
1065.5894109077408
1598.2441358885646
1955.1485091787695
1590.5354430999444
1143.4185662119296
1493.046673085724
1191.435760245501
676.8551452879577
602.9233750997005
968.2501584162829
390.3603995637722
974.1406637581853
1149.1139156942113
862.8479291202641
394.98120709353725
943.3627817486188
-397.56452474707646
945.5792950352597
1141.7370874774633
897.0079245566732
598.9133300317837
1044.5688989182997
501.260382966068
1095.3034458918773
1098.2195438219799
866.8793781102656
123.97111069648065
963.281744928852
637.0394025653527
924.1328172086645
1384.4295445135167
990.3044923818999
486.9098808976916
1245.0879747223196
1104.12797331209
1119.8935360152918
1524.537587650832
1105.770820862179
135.58429660967423
1248.5570118962519
1184.8082682891252
1162.0467765166575
639.6893111377058
-577.2000196655223
-142.1429377960163
797.9592583356973
920.4370243667887
855.3703624767455
1331.886798546672
1020.1271167361375
1238.2491991832264
1176.5164511275384
513.9235855487431
1130.125509042686
1253.080155195197
1450.2748553840531
651.3164750172209
1220.4783407968823
292.338267099278
1131.5176600764883
1178.7210155789014
352.4560018282989
493.6461688019362
1059.6716949835084
630.3477992702876
1018.7393196511272
1215.3839020864957
606.5243873116005
1990.184029655382
1676.1918720644032
1261.6969585782829
1536.4875958957298
1036.274006945902
198.63048319039942
850.8324792361469
840.5237525299999
397.4993365335848
906.2343967516329
725.9338957560251
505.19998114536486
2013.9675675290332
1665.628426865558
-324.04725838392227
1618.1890900345911
490.38508477893095
729.4773104650913
687.4744511678156
1011.8276249629314
1274.0318303923145
1032.5926302782095
825.705271500245
1771.8534876684635
1207.5814162984482
1608.6342877200905
1388.94674623897
1504.2297530337191
623.7344645044561
1085.2853112787984
490.8437265671558
854.9273231447195
513.9712680941014
848.3533032603519
1160.7827346529316
730.1329956300851
1226.9883179583096
1458.6544905751864
1711.6131271286065
1382.2713944045445
1201.307210047834
1524.9602927897004
1465.3664187266477
1239.3514695989343
203.81048547125175
1183.0266493425224
1236.606044834978
632.2017959533877
781.848745888057
1317.1363714272084
1589.6631630645895
1206.9198290461095
260.790721527295
715.2788133314792
559.507547435658
902.9358272682912
1130.2218111638917
919.7920696699862
1319.098713848271
409.6596990030734
629.4338950730645
1201.0939018415738
1438.3814520111548
1106.7443442991746
975.2729711294713
774.6374884406414
788.2865110215664
849.3660194260623
442.51013701345795
775.9788321276227
1190.2811183708397
1220.7114055325744
1677.6082898055495
1450.7007178834963
1531.619476056243
1361.5973547427182
1283.9918321207324
657.668959630187
1076.9894975945026
1124.577637593065
1221.8478173731266
1155.0329121269874
1149.66018784747
660.0556610102595
-292.1158841538314
910.1335328659926
895.0989007313239
916.1430464858397
850.3595427597954
68.00260275808304
340.92241276061816
1350.272606522366
1629.0374724167582
1281.5880869913929
1066.1877942448498
1397.626989653203
1335.2468588318566
1239.6765031031634
1138.1195382339533
1125.013815733476
922.162038094998
1052.4074057220073
51.57847960335437
913.2763441474068
135.74569868981044
804.4935143499866
1126.5747591092695
1013.4654205524529
586.8088030201892
990.1446870961488
726.4563347917364
1025.0681737474697
1364.3551680211137
1060.7857228820835
1637.5623836312823
1401.668688253954
921.4660696556941
1262.3930864739305
942.3630932652377
763.5244620998069
-338.24270793454565
739.9860568016942
769.1559350869903
798.8138150327102
1307.6873004040442
957.6933198173124
1056.6694685384114
1154.3358841457336
1168.640740988431
1124.8504972489327
800.653633282706
468.0991303592086
1514.5651282069284
1265.4337005265502
1187.8006546664951
1172.8129208529144
601.619083188834
170.27590431339414
157.43241693738275
710.9914351268749
875.4694251216501
712.5155886103302
661.0357629611404
236.10601680526554
-265.5133521540606
577.4125447129126
-427.7388170130638
638.1851193698027
1143.9069082405063
824.6542194711551
571.1524440279686
1005.9314991095122
-16.758960065979995
1023.1037436136771
1028.3358398825562
1201.627334619685
936.9854593221128
1049.9354030304562
360.331456242668
986.6026161663286
963.0566962124605
1035.2274067207884
584.8111291420693
1005.4300127132693
852.7301550069959
994.1670324192181
785.5776132389899
574.8017427229391
259.64915420254346
766.9720327066948
-43.355165794028466
659.9278050446547
872.045842588959
881.6236040547584
702.4988911776218
794.7815786083268
465.228139545686
723.7806806960908
1048.0266617449745
1060.1814186689235
1077.5086041114066
1479.3734287801235
-1282.0541018744125
1302.9656825850702
299.6239303255884
386.9880801686689
548.8720705689984
1687.7962339427634
-1014.8062661262366
325.086280397002
1564.9942752338661
1124.1429368707682
2199.0203142819373
1684.833260157544
2137.495519264068
1293.3353264065552
1153.4335365559627
1248.458273148147
1553.546146443964
2027.977033844847
2130.692034333237
1482.6879559370407
887.5856656902445
822.5895712388366
652.4088302579787
817.7647075041843
49.94581945582155
1210.7278142562836
1441.301359504091
1067.0252549097545
1255.956003569809
2258.2034311829666
-466.1808566037884
1432.2810912409323
1316.9636657950055
578.5329445492897
-1840.0645500163812
1465.5389357701915
1513.8534941533444
1370.3280406151227
970.3410610407954
776.2627348506514
1480.6559377676422
2111.8089185589947
857.2107245133149
1450.2998898315814
1595.5341906579526
75.91554579209001
-855.2655220618441
257.95105074616214
-1426.5172052185765
176.40263542991215
275.3136533905343
719.8909116594581
404.15128725476524
-732.3484010504741
1384.2712601110354
143.78851944215552
-371.8858756585232
1092.0159394720074
202.44717378838507
1090.2741722416365
659.0856612949414
1506.1598808762658
870.071467493294
1281.6749965237693
-578.2794140284074
1516.1223403214196
-1716.1280245722141
855.2150527713175
803.2367016664962
1349.80678584895
-742.8121651042658
1197.9231780174157
-1059.9755018632675
940.3875773241209
-1041.7968203945575
1520.7742357200202
-1035.0990629016978
350.07479511865847
-509.64334710718515
1036.0077628800764
508.7012679852867
926.079827678362
118.49651301941003
569.3738462097408
2026.7087745883448
908.9580569345987
2107.9219175807634
-561.214242975439
-2193.8311965020944
1876.1130342731085
2065.351053427849
473.79637009231124
1499.9267987461062
107.9304099896224
-1198.3077734299798
-1440.1905623688867
245.12394371158646
873.8272286886945
984.5370708632664
918.3555037275739
594.8466908947306
1419.4808856820262
1725.6356330837218
1353.9042474453595
693.6443065623691
1435.7488330911356
790.7930280901824
993.9797645071612
999.1293420572229
966.2558725775934
289.73316560485046
1413.3626101678592
-1048.7428245915369
382.9739587094057
-1632.4986168343512
-509.9872866658382
1346.9920442966823
1554.2952078907724
-1463.025133302539
423.5371220660781
1578.6905959447772
868.4302947240619
410.11680686710724
1969.10271846632
-75.04831308806969
-1331.661183038271
1286.545181226125
-579.3567522811309
833.3945578595864
1397.6166981135518
-2149.078971950832
-1632.7212424158693
414.9116215293928
1603.8727927480293
1519.357945282627
1330.5855057951078
-445.84384994694557
-731.581239896364
1725.955808819263
1126.2430442710731
1516.215767354824
1587.5388501312934
-394.9949387423568
1867.1265855601073
661.9048403587118
1287.7532228982236
-372.7861166106161
-872.9472832541342
-817.0015468449099
521.346159350194
259.8661701845675
110.70856036204654
-222.52621794830935
-1055.9565569692907
-710.6755207815426
373.3379066058941
1242.7021924205285
249.78261772013153
1889.4213699117718
-314.235851817131
-859.4575034960385
1535.2696067879497
137.49365209835946
469.7789201996888
511.4094852208586
500.2679790791324
1947.5931417296085
-1310.6029905980117
-607.9745432586501
49.36636127047009
483.0749440510681
1197.021142145151
1795.5189907992115
1428.451715425463
344.95198961739254
1431.0909772169925
805.925416759567
1396.0883880281638
-869.2885445890784
2028.216800086413
-2013.1669675745918
1467.8105463611123
1343.813277431687
1037.1933005240749
-87.47021482216813
-1483.090756745335
-339.4321610564768
595.4160667699721
1336.7006582652537
-269.21485920648115
-194.91049650441127
1137.8863246419844
-159.86777619490482
-804.8182765480958
847.4458338775639
-640.5059769064133
1093.222972938928
-1066.2323326146231
41.85643749925249
513.7067052535975
850.5735436057086
661.8164216896381
-2262.1818620123104
671.5989483715942
2199.641190820075
-318.5642715228133
758.4813393269103
1170.5849848829441
1086.7370978157721
1201.5908579732147
-120.43691785458985
334.44819293452485
1753.3092874231124
1547.8475867083928
1933.3304721107613
-976.3968321210617
24.88961950211111
911.2070760926568
-865.6223495564678
-368.8894557521228
-582.5874851302117
-1691.706587835621
-1091.311960973502
725.9670246933282
272.248899541424
-590.7927494165496
2226.5649451857507
1825.7802090590262
610.5942170668089
-679.9192460401378
795.1392323099249
-281.04911936364186
1160.2136448292968
-157.29020862914436
1724.1241794923394
377.6206957649273
438.93158823778776
462.8394240872905
-1773.9729148265778
1982.8354684184246
1632.3883480446168
677.5900889973644
1155.1466597797362
1143.3595448544556
1060.7320345200853
95.49244260805993
1621.0588646498688
591.4497975796487
1311.2772482816486
1213.2883862296667
-437.48884210702954
1147.4204925802271
1271.6629976775905
1699.3352159084977
133.53292921293587
875.7198690462309
236.21073212101885
651.805612326529
1398.5533595615
537.1871178020148
681.0035915813975
1114.16876216482
-1375.1052174412596
1346.3087799233542
801.7678508165325
278.49487129901956
1577.7890203112916
1478.1410062725652
204.82217608499457
1495.889067005839
847.5563863231297
815.4298229477076
1208.7974922417065
870.8829981272326
-951.1384607451221
-772.1155397380097
-301.709891547303
1190.8584591036445
910.4861945033899
774.8006753278162
617.080322055765
-1046.8204020156488
447.2977179828549
853.9305466590257
491.6514954376417
1790.3382688157315
1608.559647796461
1780.6967052850587
2117.1143014231334
1558.6889279619609
60.1431371834563
-1187.7159184642303
-631.4920114696422
372.8170964273217
-928.5615740007025
645.5782336346883
1141.6835399921026
1261.7618686837627
1748.7348592090214
1214.2118083645262
-661.6839022437101
1415.590453006168
-612.712694551032
-1038.4000141969534
1541.5579133956858
284.1912318915238
1739.0547504744059
1479.5362881279148
66.32312503349846
1440.9410494889325
-691.9379530152498
1485.7674382686578
2213.555075316288
1497.2627253180483
1787.1121172471258
-70.69063981008061
-1264.8662195133056
1637.3378524136454
1699.5183427286959
1064.0215632961972
-391.7175616943334
750.6538625956156
565.0823842730608
593.0338706876797
1569.1076554269202
1210.5372242093817
1707.6178545971177
-1469.5213876408907
-787.0582717519686
1377.8653276045748
1437.5028484001111
1571.098540791598
-224.06417571002956
1280.7572949033179
2261.8818862891044
624.7942937884059
-494.7963974423008
1478.4218471478039
571.0161134146074
1278.6323470492364
474.37689582111045
1740.8206103456366
-1223.1114947458855
1158.4226315904145
-40.98744169410482
1715.2588524490616
-317.2866351582271
1254.0927718096073
-1180.0464470011643
1312.5765610057126
1224.9190571788604
1567.3239805115807
819.7009272603378
2085.591789128153
-1632.7162783193428
1379.1902920584098
1050.6409089074652
-622.4430197765405
481.1223073038864
1274.1138793301582
488.9329388894746
1065.101877824956
-178.17347699910525
8.716447525114624
550.0719508530586
-273.32998666778343
794.5086186928004
645.0444723207949
727.2095858083678
289.06042745781485
416.9205962428607
1643.0715779170157
-613.8709667070967
1273.8656229577375
1930.1188519025764
1415.097342086889
-1126.2935660836224
1085.0544737914408
1624.270024534264
1214.436456686764
1562.3467221494675
1850.3298286132326
-1623.2858447129572
815.5414530136134
32.39212406500299
1407.6638387926685
1700.8447187864303
-472.7020045201086
1491.394714316476
806.5513094275796
-461.91880941469105
1288.054383992362
1667.326431424014
347.74352292716867
1151.225912894163
1148.9901138340406
503.6671881943504
1321.455588335755
823.0358017782377
-1356.083364343791
-856.846355995548
43.08741580563972
976.0324513522966
986.2657001615934
1067.9700856343777
1483.0303909935626
882.8668171462988
196.7901813594107
1351.3833594009188
1137.6844142427342
435.46891955019095
-522.024972042445
-1243.6150509632582
-732.1214999157106
971.0977706210662
375.9635021337647
148.61992813487424
1388.0064412964673
-1461.0962512630626
1592.7869892794931
333.39403230496424
1211.592483213937
801.7613669464882
396.7122535346528
-30.047296626950803
66.72651690992659
826.8391370510541
880.7814438978307
-442.2498746492402
1423.8619465125116
2258.214034580884
1523.4261617018717
1038.5009936569472
1716.2991823716509
-667.2422196673402
1799.2334263446096
-486.2052809258078
1094.9207376542815
-478.7462486725412
1150.3785127448164
-297.4811034632297
723.2432993655285
1659.179535080497
798.2886798869683
1798.4655571270662
1283.187857064736
-350.09849739881196
590.88869953238
169.35581730168295
223.13786407926702
307.72140927724524
637.0493966697488
670.6643566079588
1995.3212699561159
-587.689686303932
190.89268800459365
-282.05799235533595
1329.3504736030807
-418.91730138643305
412.87185449371026
303.55944522687173
1537.5127178781868
1089.0626952245339
1282.3890605750819
1775.846035288403
-571.9453827601665
-379.04180361126316
965.5961548583188
-1464.2612720409786
1399.3494751815876
1935.352467527331
-1580.9935883951268
-1394.7469244018432
1009.0925277348047
-454.4105063026681
1522.0584716093717
1315.1306578509857
-598.247510180815
42.88306081260082
770.9002324837957
-909.0310915920883
1043.3192310280863
-305.94034200380537
1600.2890503286844
-866.1669562889937
60.65950531963569
-397.20548537730366
859.1021083135378
1476.9626025347943
462.2847711077756
196.54178278166648
1400.8121037956482
365.6638984238643
1144.7250654739546
524.6434380906165
-1.8942947909262884
-1058.2417832914005
-663.715359200352
1221.4520242790961
1146.7618161929029
-704.2155930347943
-1845.9464370082358
1807.1318530310923
1390.9959978190884
-224.26358907100416
1467.6372371545594
920.9754134688229
1809.1301553010474
-914.7656977473233
1762.8569145438987
423.6585790773044
1195.3764313111658
-865.5619888148492
-421.91056735016747
-916.4277251592823
484.05455733422565
1191.0282369365177
679.1987869273795
-931.6189354170137
265.3746779828244
-1200.5549867961356
-355.9742464133992
13.135423239538408
628.5968400585368
657.7929581931501
1972.9417556349895
2311.266517787157
1660.9418702757835
2188.28515431232
1121.8246410195845
1815.2270540718373
1402.8675152254787
-705.4140696089303
520.044292153436
2139.244551302096
1120.5861411189048
-591.7428403363347
7.287181128222883
-1316.6215460419826
-610.4032403865713
2076.443702175467
1432.595075145164
1838.6175878089075
1645.2060887515881
1908.4255703442327
137.41950750851478
-428.31314043894304
1248.3216897896896
558.3312160200155
662.2742839905941
-543.0986461477162
-33.8122937092613
-1455.474038198967
707.8996190353602
181.66986734555343
-193.5737705924846
751.6107872302176
738.9821384445308
782.7887367867168
982.8304102481466
1410.4290175289016
432.8236938358097
519.3591476323453
697.4797252008057
865.1308373660991
1031.181541336755
513.316348258235
-139.87113209014447
1543.21842393229
-533.5946003636835
-1297.573661632155
911.2907790375401
2175.083899281569
-500.373422844303
-2177.711362468807
-977.9697289159602
-84.90602585676496
221.21511440737171
845.3743227122543
180.87770446458754
422.56827468210633
336.326778124615
155.1147478206346
986.2913958397313
869.7811708313574
-543.3668602975135
-625.4971424227135
-2055.7641496972483
-2181.2873074830977
-40.618948803517654
1331.185005329556
1743.4074561786535
-282.8802318795124
1286.5396781927614
2393.610486638057
1212.7513319591233
2326.7872286391157
-1112.3019834140512
1617.5953051237684
-1777.3750178584935
-1455.655417515323
-830.755029311188
905.9368418117012
1188.9094828102939
316.4762621404042
-1525.8397089428163
665.5510010390472
1413.5746585209893
-175.57893216215967
277.80080017438877
-1972.961976326285
134.58104319610268
1742.7462569843442
180.68808860540736
-1337.7970795535218
836.4644091997375
-1598.1930624310803
-1024.2849104864138
2448.0906300168153
1393.4453773224022
1339.33290638736
2345.5690423878377
2296.67862718066
2354.1596719635263
8.032947437276874
1364.3931741578908
182.59712149972745
1196.568317643647
1334.4358620766088
2259.0714514834945
1983.3515447544944
-810.9303025025245
-1766.9653461139164
518.5634957355313
-1725.5048960574823
-397.94120772540197
-1675.9494167558237
1131.3302135637066
2096.9994332046217
1219.479127739241
2286.3535339059345
-467.84791087621966
2358.782647188706
1.6926752892693813
-915.488361365227
-1385.0130958669422
-1044.4337169925777
2394.0234158393696
-1504.9010642396777
571.3782603073497
-896.6038405253266
2387.1870151254125
55.74855020349269
1960.8950622489106
-726.9912126946448
1507.4976122072069
25.902164393451617
572.0642169805524
927.9716872908307
1225.8711550240935
1239.2375552317042
1960.2065824265112
784.7735663708007
-234.04633324944828
-882.7889251566379
-282.88974334604075
340.99580242991425
-1008.3159724104252
18.25662854546819
1019.8143828375948
1608.835958103526
-1935.582792277824
-1757.3489537582682
1842.091573955886
744.5410122163914
-627.2577340701388
1997.585935945931
556.1016086974874
-954.8832103072498
1497.9058175003954
64.9792344971248
1855.772877507422
-1414.5236725301374
581.1878831217598
1307.8177179610755
1210.915414168952
1417.4285618803306
-150.22626117184376
-1835.7100325384813
1309.0420867892294
157.93586447066576
-246.577639242137
-477.43641806196945
897.8265469552143
-1468.4208530406818
471.6154312315701
-2218.6200344522367
-1269.620858638483
-2095.840521750867
-2153.7938941884986
935.3344512451683
461.5263697319444
2401.6527197457062
628.6488332648339
2184.2760188933185
1191.468035672814
-9.305384624986313
1014.3851820050215
2423.2181381848172
-1039.4416342066897
821.1368009919939
362.3932698596001
1267.7173310777785
704.5247591055037
1959.369817538627
1126.2154479982828
-941.5067506344858
1349.101122646328
-636.6040776372134
1355.4342023600627
-702.3085384978727
1454.3657799560583
-1257.6337126436135
-472.1465434115107
-921.8275441645352
-23.112256328869375
184.63680781483083
248.82578545762894
-1370.4894109369143
-1583.896750315633
-587.444403073289
-2085.093861653412
-2497.6553108349635
1883.400609156944
1803.0372737986977
-754.5812812588143
1287.519808322898
-2135.112550371615
-1956.5781941148402
-1689.6162607585213
1500.4460042434719
98.02235759969243
373.3407120467003
2286.5487238084456
1687.7911480735706
-430.00845618503536
393.6808876404669
1643.794413556707
1005.5966670759136
-64.90704825266079
-893.8202390443878
1107.2114310491713
570.8919680365915
502.1279224716776
1437.60064947057
2172.126195620105
1923.9320258922196
-76.02927469081291
-901.1883832550225
-1458.7159761616695
-2124.6097284905995
-2257.741475064229
1115.6305508822534
101.87128887185322
-346.1645232561762
-2288.6234105253407
-243.08973108030486
1938.3083872817097
269.18763130553356
2135.9096998063405
1404.0560933720628
628.855549686812
-383.8986967020225
-1170.2421070714586
2115.5366332973695
-1067.6278474481294
-2241.027627201167
-1411.7420670487766
225.69175954708643
-1432.9234495359922
-527.2247604881769
707.9321618754892
2097.7080078570552
-1303.5915583489646
1871.740723139403
-1477.3508774511192
-1032.9900162537292
1895.64387932279
-613.1383268031809
686.9599229380632
2073.8113165628097
402.29291458800134
434.30242683914764
318.9032190270459
-1982.9867668826907
-22.705174153509866
1346.5391366867955
569.094425638626
-179.3062100345483
555.3946533742642
-141.05273216562455
-559.8786812837234
-1906.5867734159697
1438.1113866467595
861.2326712976464
1571.2012944208204
296.87908749370325
1645.3166739071044
991.5530881406363
2346.8006727417933
-280.8979991009769
155.50586835815895
964.2147469358074
-887.1484983716049
2246.4133347681745
676.7081309858359
-1814.0791453838406
1044.5590389257977
-2162.7939148419778
-1383.3628020937292
1528.7869129860703
709.7299091832007
2413.1318248918383
725.7903023652729
-451.288222772917
1169.1820683475732
-1421.5709277446535
1865.1707284123934
2420.094045777859
640.446331484888
1386.7286288070939
-1772.0698096490567
24.08417029554244
-1201.8561432965903
-1883.8762521746287
2055.1444312624317
1291.9721773289784
2101.3065317815117
772.4230326947633
-911.9714548412433
-1786.6352579993222
618.3419600875282
1108.6643107357174
1809.7747945107296
-1206.8699956508126
161.65245161868424
-2380.91058468016
1495.6085590676628
-216.00016769151512
566.7162002313595
-1274.1345173010236
574.0174756949173
-2319.711520078493
1466.7620234160188
1677.6953797796104
1062.9696138782617
2204.7602214355784
2466.870377191283
2318.708142032913
-997.4349109204252
594.684331320497
-483.4451942669393
2316.548106155
94.09990796380453
1633.8705091742945
1650.443770387233
-898.7927972950016
2079.251279851423
401.8675823493453
967.6392972428334
873.0440101789195
1407.1013887358463
1329.2828060249071
2134.7044194139066
-18.811518929799696
-657.1704307375139
888.2769751722685
1439.6543214470562
513.2952462161595
-625.2506633347707
694.6233224418542
227.0781891540665
1473.8620135147528
1234.3642433658792
1455.4153670061592
1684.9098212308993
-55.259421114092994
1770.432749740863
-122.83687453988645
1760.7393464673003
197.41724704446975
1627.6844589958503
118.16694317244766
894.5040527305345
414.0395612838471
1273.3164084417897
1543.0296739096088
-128.6058945872005
297.3132326230784
1421.7092627865466
214.97673474600893
1020.0789309173516
2143.2655318416196
-687.096689417717
-383.79762970584136
1273.0828345652433
-844.6614258453687
1814.972679938941
128.6235757195098
-1185.58175565584
909.5166850601333
574.1741523653827
665.4359426091142
1305.0083222342375
-127.62499817220981
-83.72488805793876
-1806.3416765023935
97.4995029653322
-1196.2262169333183
1857.1689918279455
30.372576364178755
577.0008153361231
749.6899842270292
1788.2352632163777
-1132.7793382779607
1370.6982094308576
1290.442842926269
2207.792395452523
1415.1141728226717
-247.78121729384614
-259.6934340845441
1224.9258034081147
1725.9661132269007
2021.3903292328603
489.5149183846293
695.8742034226334
1232.99852202062
1674.7878131204127
91.6447696085271
487.9879042926299
-983.3782661361196
2115.720582576689
945.2142193853138
1204.5944279371747
2218.4887871616434
2040.878458326928
1501.7432652951616
1311.3548960390572
-993.0438394562348
813.7525339701896
-1783.8226687711674
-1913.4294888942748
2165.470877306901
-670.5600940044121
-286.7155607314808
115.68411962608525
-107.73182242700983
-1591.0088759356347
-1553.328553765151
-372.5628708728883
786.2441270076669
769.662282418284
-230.47564273491096
-1192.118833723404
-1674.1043774893217
617.7747945872579
2113.7738342861426
933.8600627418418
1529.440053871062
1149.5835184314133
-1058.88259767479
-1075.4015283431336
524.8962533090177
199.16164153590884
-454.7007951996791
1266.0549347805015
-1754.5119887161807
-447.3127240829391
-381.37958019863055
1121.092300811254
-372.26996159598184
1058.9503240182603
-1617.1203607910475
-429.96258929485884
906.8904088105467
699.4718070041558
-47.95481988667948
1136.3655980160668
287.6277278344816
66.28111802615418
-1414.166749383419
62.84677377022088
-1517.9300964536128
-440.53506373032167
1454.246528834935
839.782367058836
1368.292726179989
1629.6911143663897
-130.27360333467374
-1095.6895077032718
-605.0052808125914
-1324.2053668975607
-390.11555441794934
-668.3135852778146
1783.39802042174
-100.96878741191259
2290.8175646626037
-1300.9093352064274
-1439.6356852568874
1914.7364668437056
-1555.3445418980205
-5.126198025738148
-1335.3599092419524
429.6228484369202
-293.68044223292037
96.776571379381
513.0669351290463
1912.640663679959
-1473.0215718985642
583.3564065975751
2355.405196604541
394.4427834772742
-28.788066910218284
1937.2999289197674
-1877.7603264105376
643.3825569414339
-423.04410810355466
252.39777780761966
643.2414401151475
1334.5064799299698
973.2054292671285
-598.4726328906033
757.4321128621189
849.2997203789391
-1354.3528614790937
1261.8665775761285
-1614.938309940782
1223.6339544899643
-1401.0655637052143
141.7468832447429
706.4058364016679
1263.3042620832214
-1186.4385775162066
32.19577231244496
1444.269592600837
1571.936749841186
-1059.5182364593413
1674.4735173033591
-306.66116291416705
2071.1227085452438
322.27921342928926
376.8919121312311
1615.1528459457727
-628.978214186341
-557.9327746330488
-1450.2605180729668
551.1852027171884
-842.4368759051745
1031.854133722392
1242.2175209374782
-343.5232298750903
-0.7602906948498642
-1205.9453749550712
563.2181251835442
1774.8789424987754
1419.2388106108103
1997.8634055970422
975.9019963325361
-1523.530658152791
526.4883891416852
-51.2915310716277
1754.001126370453
1326.0294894825136
60.05586874381923
-949.7615211483995
1132.8096407437563
-1210.3057348129787
118.8526620009242
-2087.669280995347
291.96787514766436
-1337.772253709474
647.994693711687
1120.382560986618
1717.4865077177496
1246.9333812840935
1114.7665628975353
1659.8520992334745
1552.0708212001784
910.4011924263083
1327.9902206884071
-1070.607309489262
942.387282373455
-1638.9103129033358
1291.3431443785769
1069.945639804169
-725.4674516522617
-868.2340294593005
-792.0214403121327
-990.4623126466779
678.8829450737551
928.1872517374059
1252.6753922942826
-1112.8988599300474
-579.8902010908272
-1016.1655977380952
1124.9714382285506
1907.1885015294092
787.7015927865433
2215.284346423613
-873.010949782248
1170.3696734360842
1412.3308384036695
45.76294393611293
1738.5199048919692
270.25695045956184
1865.9177138373066
2270.3152549708457
1784.1503885329262
2126.52175762202
511.84974400126333
-100.82455178887196
2179.692336932128
-755.3738094472528
1386.8258177297128
1532.5121085997182
-1224.5014963752715
1722.6579314847738
744.9975520657628
1959.0239538538563
1523.718325560876
-1496.3624764068447
-1297.240154244029
325.0758424584763
205.36726366611208
-521.1222033175655
-60.216487798599694
1823.0515997614573
1585.5580661079346
-1007.2851930001017
1404.4347830430302
-313.98815620329697
913.4119684110658
1212.4122581177458
-482.0913180860059
-1758.6207489527944
662.9159386633175
276.35043753494807
987.527039260074
