-185.81718359850277
137.16462052590805
121.3372640113571
123.18908788422318
-205.63164789080403
123.21583754935546
-541.4113885791617
164.2680682021172
-625.6928720304559
-285.14855757059325
-1495.6105505798246
165.18540019410094
273.13435836872753
275.1858390917956
270.2051193005237
-266.9995579418083
272.2944527680959
-118.82538226400368
254.13974884983597
254.2595600239479
254.23420351114683
256.00693493405555
253.89508768960715
-45.79531002897761
-149.253907309385
-197.50855497949485
-1294.7928265981495
-1167.4622119242224
-416.4537396421594
126.41447126419716
-206.94008593913483
43.851058255153326
-0.46704404095394914
-431.23658160231867
124.62704256611572
-149.55570387612988
288.3098089308168
282.31589397413535
287.4389792926418
288.38379676462984
285.38978103396255
291.4877071464112
-228.2739722571818
375.3788910977523
-1441.1573133754716
381.45882551475927
380.8301503776968
382.2168713380082
402.9761273723016
451.9572837931422
-222.75698458607457
-252.4462199630346
-1981.0172810148613
-410.68639771248024
-1678.5803449597079
-974.1921777794362
-765.1422790874041
-463.2815979013621
338.553188427349
324.4828319505256
257.36156056171404
-113.18344947200544
-1352.2456850343794
258.85994586611986
272.33795884233797
-326.5099760127348
144.37019388568757
145.73436331791567
143.33584037807472
-496.44499607359825
142.9393211458287
-652.5603962842048
329.68847511767024
329.71104209284545
329.2047442561329
328.5438993293075
334.74550956625467
334.3286815590609
433.5540807105198
433.87246792989583
437.96438048652715
370.6893614299466
450.9657273408135
169.88690811668886
605.5395411943897
608.7897923722104
325.56236531858275
-242.39964923854325
604.3438933821885
605.661663943859
-1740.187992555341
554.2834284977354
-1577.296219039594
551.8676338572693
-1123.893652711628
551.9474009210401
422.4397902221841
-1003.1398233031733
421.11296237795926
-931.6295735638829
-1552.681306446089
425.00497798563947
-27.51134088088044
253.38701291031305
253.9251920186777
256.6137803105752
256.1405656686046
255.69302915394826
294.398307147913
298.90609140360317
300.45472015859923
296.370346603431
34.16561288929694
298.86824723324355
-838.0027139983368
-1210.567990279139
-99.75841649251612
139.694747859382
-575.6888368330975
361.19007230358324
605.45743141894
604.2657912637325
-1268.4464985064653
-315.4114119148372
602.9340975153416
604.7422833644936
571.4759167208568
558.7175926251972
-297.2915900948213
-2026.0219690579895
-1884.279115524884
-715.6484204111033
-934.8008794351977
-181.15224766530093
333.0944982491718
-1203.4041769219837
340.0921608896476
331.0121823041421
346.86404377245975
-1063.517252074002
350.37664257649845
-425.01858838059024
348.4401114110677
-965.211158414614
-287.4075044444428
303.28231527328927
-590.2815446884867
299.86873604490194
302.6739360820613
-1255.4130382687092
379.3132936106796
-109.89833487334145
365.23693919462806
362.30980805513946
-518.9410100612162
-90.87603431700595
-2121.7371303229247
502.0205103412795
323.17279740405536
506.52440167502783
-996.4431378790902
-1220.2976300172372
-1514.0925907768938
255.63673357623247
380.98442663852427
80.41222146699732
399.8722942707245
-1397.8936383118867
397.152826172557
397.0227308867327
-247.5648173287085
-1092.288079143418
-1202.2231409052092
386.2118884992239
-1151.958492320673
-378.1233607602161
-843.0135770793502
233.74854029338098
-691.0660558621198
237.85361778315746
-271.0157307423901
-242.28653806340293
10.60507205506671
-601.6832449679256
-422.44392236815463
195.98813937849147
481.63508971584974
463.9108544716942
-2058.7932633321234
465.8907092902191
-1329.7828899264405
467.24108037579083
521.9010406095098
72.94104631639846
526.9224236605879
-308.3634806696575
510.6805778053793
-1276.5601069030158
-1796.3997878758973
498.3090201433477
79.05139597945228
-1362.2833980600715
503.9287590154368
-1156.3143489405747
367.62721380841907
-1576.9443010429895
323.4021623784629
-742.1613182243257
-1562.0737865030603
-551.2606530046783
-521.8645482951796
287.70428098717656
-862.5017508781307
286.73928026357373
285.6814101584258
288.93221085893833
183.6704331171931
-1129.7639884409234
-1242.6307907234668
-46.01573041317774
181.98742991376346
180.95538087441753
204.2399837901617
-485.16085679774176
-1572.3694155643805
200.3335182417852
-1317.2704456222011
-467.26678499542027
318.4060230808683
-153.1871131087858
-623.8531440069157
-805.1674265868126
341.4745737212045
-326.49769901186085
414.6520214184489
-385.61361338281904
155.19767576304784
-1155.5959601662516
412.06517686634413
418.9351175154346
-1361.0987661923232
334.4362266812353
-253.92608723470596
-1070.7028295042116
-288.43977367960804
323.96177403120794
-206.76079392979344
243.45895208005518
-241.25424252104708
-792.6163440431467
252.775036676543
-1122.3709876460541
123.87753527109469
124.76741799815156
-161.16288606672768
123.81554245013388
32.85005316732169
124.53406709775501
-1117.8305982425397
-45.31977894516828
-447.33592832475154
174.13603524699985
179.093431479342
174.38588676003243
267.3956535731252
262.8144399176533
270.99499268700833
-678.8122783615619
270.43062422375965
-963.9911516203507
-1180.6276076100985
92.63910582152684
-28.6853952947065
162.2093754012204
-1215.0505962045002
162.57210497288204
-27.47489527097754
-112.37277192475591
-609.8740656286444
202.25517628225884
206.53709804853125
203.23423173571788
-681.9601635185502
-1059.3677718682907
-517.5132922484739
129.36781320171036
-68.98140753016487
128.84698114832787
-781.1533080391192
-188.5794890541042
127.26154786677237
-292.71802066453085
155.85184018413872
126.68985304229872
-777.0016373743942
201.33485233953016
176.83612048937172
-828.4322576166571
120.68890041607276
-312.1474309543176
295.446401262032
-1142.6593354693694
-816.1784651397235
-1864.7229762705506
297.33296807256943
-1227.1875669979152
-995.2499676642592
-122.31502956423682
240.55300700109183
-952.0038594101509
238.40744394950434
239.09668703930586
-593.2333977931652
113.98089358214276
88.33266861366408
91.21415487753423
-256.946268710816
97.77656774429593
233.69852098639336
232.12051580010606
84.63860802026983
234.4155875431115
-1672.2802756291503
-2190.290734547361
-1079.3858266055743
264.414120012394
-1140.869590372171
-687.542017568561
256.3460059667872
-267.80483665792747
393.9838303823993
394.39702486336864
-817.4229799745058
-876.9066061315758
-1175.6148316974668
402.1402120178318
669.3583611799276
-523.8583964740529
933.6032737836708
930.9899581724169
-1348.7569637973922
-1726.329557780338
-702.998884970501
-1806.418487168182
-380.7459596087395
31.480829587631753
332.71125181701746
339.60540698771365
-57.755843773481
781.130009747973
-356.6412062285155
999.343626142681
1018.6262438448623
1011.3426667250748
-363.6913907583453
-1.6888327831836278
110.12441362837669
108.55495810486906
-254.04984540216648
-1421.2598220195835
343.2963645438533
341.46966275161384
342.77185448887855
42.03829019317058
338.5279073475542
341.25074858138
999.4381918220362
994.9999357900349
-1124.2561954553134
988.216749852814
935.6987634613907
-828.0981330472762
596.674817211463
-483.8142435518739
605.8923582486419
-1018.5755963110718
610.574341373664
292.5290131622991
583.2798868105842
569.2135936934887
575.8702097623395
283.21507584301696
-1663.1340793857867
-819.744624567692
-1915.1130914293851
444.1155477413396
-37.56515532580447
446.0101194072484
445.4103500099456
-1835.9778996106177
-906.5721322070201
260.0412652354017
-1063.4662348346585
34.60104117632921
268.56713249446943
-243.84591919106836
317.0404031037436
-564.2126230643969
315.6585390440257
315.3708523870457
-186.22654319370127
316.0426102758203
459.71607706955086
-821.2893230357905
23.472700680154325
419.8746289031232
-49.950584800843316
418.44998280454877
-666.2885023342234
585.731325240905
580.4215407665716
582.631857835625
96.79318191637881
534.4258976924789
-94.73183873066479
-1488.2067824721428
390.0656547094395
-1117.1518273817878
723.0493693578838
756.8144423380638
-650.381668871837
-1339.6358800925868
303.1198365535721
300.48795068856447
127.15066174300719
302.99327650324
400.0845576528736
405.9022119834211
256.6887340681742
-52.22701989022073
398.05993969880063
-1349.740838836787
352.2164229803566
362.0897458601478
356.83081414455484
363.51855094479623
-713.2225777064446
362.48506861929553
155.5593270684184
131.1039905584699
1109.415453959366
-1042.389413905086
1087.9311241412122
193.38021475654853
1579.2461505804977
1129.7567486550233
456.01633188517076
-419.70608401379064
1520.9947629735886
-1709.2026572008497
949.1588465662985
-524.0957008602268
953.6156419275679
924.0738474465484
-1653.8555707474827
514.8319619114183
39.853909293185446
-1214.957540725439
924.8483819738433
-515.1118945077856
369.99815265781837
-664.5836043012309
-173.8849883544253
-454.6292216814244
71.00456611665834
-1187.5919607012772
279.04436374975757
246.99313207777257
-165.5493538260629
266.4441996614711
-91.56996070420269
36.245914827026084
-113.36763835397392
41.66723284232091
488.3242188909662
-1338.2938121924578
-1873.6801887425754
-188.94748509364578
487.6936295110457
495.9357805858702
1302.160719512536
1415.7846017276572
1367.6583880194364
1419.9440777792602
1424.868530360404
-408.13481877617323
820.8327093157199
-1972.782152806613
795.8732813329086
587.6227131458093
-1141.9243840847025
-2109.155752544248
937.0094647740498
-155.24221445437624
456.1206315735634
-1094.8651025155991
-1899.696987018848
712.0864629941688
-93.81204212980445
155.8961211660475
-642.2852410074617
275.93023641805274
281.93865505127684
276.210662053883
163.72343952011641
-239.86435590240484
-15.400089520256108
96.87663894423409
182.10465898254557
161.99582574656046
596.6147538194766
1039.4666443767237
84.35943592258235
1000.3865716814926
912.8222636977257
654.3024946450663
-1563.3356225210134
-825.2599072211292
1217.9927023431997
-1268.0259930390241
-1562.0524213363055
1236.2905123736575
-249.3692559296788
450.79488179684563
-33.3829136238969
458.8849605221367
455.34277719491735
450.1038419483949
363.16964516086614
350.55221216265176
357.06108287471613
328.48842225014107
57.32546496296341
359.0430821934142
269.281452388624
275.5360096125401
-1482.2658369199353
274.3468256159803
-16.25904176148911
274.36109679444104
123.20276470027906
-363.69942343507114
125.28948170426413
124.99700591211977
-1082.2216474141944
-674.382508107095
-895.9851281695519
166.33186122660015
165.90154412904468
163.57996893592502
-516.9129365063046
164.36605219732965
273.8160646790828
267.83408264776784
276.1548541645796
277.29957180315847
-853.4852901094773
-366.5915224334585
-569.791031003857
-443.00718581535534
173.2657159656584
-450.420310021713
196.1119505001133
174.41944600539603
-1114.1628004257066
-55.22001799666823
-6.316401680012702
180.40601437839896
208.02203856288602
166.14412349665537
-26.82668502185969
142.88863480111766
-213.51724326780766
-293.8500235939924
142.2249883281192
142.91992852486146
417.9280101529348
404.6782727808162
405.26559098450036
413.251311354412
413.0938173690725
-861.9463019654352
375.0155441205369
193.48854823795668
363.9760704314231
370.19801126321124
-1569.8066954168244
374.1100900383358
-1146.407738930964
330.3288835770718
-694.0681849791664
518.452393242179
533.8213285571896
-909.780096616051
149.03041298585646
-1685.0263609359345
145.73064966566196
-695.3853172295145
-731.9625445579219
-294.15052549416055
312.58119433471165
-1753.7247020021891
-1244.5875714662368
-1524.714421012229
317.8575228810952
318.80181558519274
-1246.6579102970086
383.21156686686646
-445.25618189782944
388.5870790069774
401.6554030497594
-562.7169482114908
523.8332672075924
530.8108919975717
529.6781802959536
406.2234769312788
-1820.9117017820251
533.9895284946979
-1671.3773219754778
484.3210515791641
904.3901409758728
725.845542123856
876.2864661949949
-880.1608284760348
-2208.760520657338
253.76593050309148
-1554.8773333579456
-1771.0585040830567
-489.3395335760433
889.6183063987991
-474.06744810337455
574.0868010744224
-1325.7973480720393
-321.7376001612087
-1348.1650205617045
-2013.1594875280089
-192.47013906540434
-1462.2578402674303
1052.8763087680568
1045.084591252686
1017.3741766097341
-38.3871118602201
-1157.9472813818336
-1716.6557094096513
191.6009012372469
192.451132740495
-2334.887520999735
191.53116581090933
-1378.3397849689613
708.035069787258
-1630.6378781807632
319.06849892188495
549.4523441968038
728.4618502438747
-380.9067403885208
-1746.7666506572466
766.5458816401249
755.7023029390167
-1405.66154327233
767.927393558779
-490.11636240327357
-1776.48210687046
1016.2045057666951
1126.0806047751137
-1152.0985682628257
1264.4904969226052
-721.1163450562968
-1791.9878756584972
-1947.3538493143105
1194.8171430908274
-1844.9360915027535
1160.8420877987887
868.7052131381354
-1093.804754878921
-2305.6881537360373
878.3906274722946
-1077.5620918796787
-1033.682240515132
469.2239372118732
-1164.1311728519952
453.98005538102905
-389.6670930906549
469.51863999137186
-380.88225023793547
235.02518037717456
329.01379205204785
-840.8795367074473
330.21235032557644
-973.9327240115026
-440.57140940254453
-487.698221416234
-90.21634415254776
373.49858174509654
-437.98085762037846
-619.4399438153655
-1776.194497971321
-1816.019950152043
1290.9149029502864
995.236048595205
1338.3437961718046
781.4131500654094
-1962.3712771016221
485.67576887447035
-1834.2182080628988
-447.9035505009449
-1108.658608532002
-2062.0987158922903
-2068.868337285775
1086.1494626716735
1109.212745923959
-68.16568477672192
1117.2248935528044
1096.9086082113602
-1739.846509613015
-1449.1878081055313
-186.94284904262392
-2312.6254761851574
-1757.753058045382
615.9492003173511
-329.11026909334555
667.0181239212096
-727.3201816252705
-238.24550503346373
664.8330499030913
677.4391647529734
658.6336477989762
693.829222832138
-1389.6248831459557
830.9087245679094
-741.5810851841909
849.5366264802394
-1603.6706567987362
-364.69796275042876
1289.3283378681804
1328.5958878632496
1334.868911052307
-1845.8398952741804
-1986.5214812484062
-89.56497642826523
788.9195999340469
-69.88835441793329
780.8554065276303
-1719.952124245663
-180.80114487261892
1229.655071065696
-993.2578686881822
163.54749872385338
911.4141314079955
1272.4819111360748
-342.05057437819266
-765.386999028867
-2427.4379482740455
357.1582368276895
-2037.8757321626015
-336.7066015914333
356.62682880417947
243.56848785307227
-7.079368664578132
-1270.11930028404
-931.6072159851536
-217.11291746012097
246.2385657249418
1361.42415731949
-954.1801826015778
160.41626922106406
1391.5230926240308
39.43514873829331
1386.4593999068584
-408.012180755114
940.2992748697656
482.3296488303269
-821.603514337933
317.24646761436327
309.3698842006526
-1977.1633434244463
-2244.0560626981983
-1059.2609610711397
818.4940254769692
-1361.703775513189
857.9542114939566
-955.1369864337589
944.6620218125738
853.549069206686
736.134030085785
934.2513285172405
174.4869327574583
302.64760901507276
-1507.8577574124988
785.4558946881818
786.6346261378878
789.920778123848
-739.4363215958452
106.73412863049583
76.83213336536927
69.602946390283
-425.23858572227414
-1857.9458083788975
320.9002546483484
-1840.23586235751
1155.5933711556856
1143.2522084784484
1171.4843801165705
-1719.3345966025931
-125.2583240300907
118.83437427294095
1207.4444516776357
1068.2487247236888
-810.2183334821073
-2261.4178921015455
1259.9174229490416
-287.50117547163944
1031.1671494677846
-1745.2425014216656
309.67535143912426
1001.8296500974901
1037.595643848136
1003.6948939541039
1267.3637210245306
749.3356070851836
-1198.153563982979
1250.19670369725
-1391.3263817496909
-308.8277273134087
-1218.9614700924146
152.4731433999715
158.69191554956657
-351.5218565613248
-892.4808258854306
397.5363503653021
419.3478119688776
436.76956874149596
439.5489748720627
-1359.549104301192
665.948104228093
-60.375668889012076
-239.33455446248888
272.6764705358983
-1289.9225904933576
289.01585439693486
-1228.8535424199263
-1654.0146363522658
450.20319627575446
-1856.7159913270145
-2037.6080414422636
444.78368281434547
457.66762301307017
354.9540475129243
357.772923787256
-1473.5913216870242
-1746.6984150085093
-1507.1564106715477
-1242.161683185007
-658.9987348074458
-991.721090397226
429.4851495758556
-1523.1517632105536
-11.29627648062398
441.3001906955697
-916.0059013222025
241.2916374518855
238.04378777527182
236.46359200927495
-499.3474604927885
239.56391190934056
647.1749109800649
-1209.7985768710628
633.2849736239734
-1356.3747081986614
637.7204640143403
641.7539895761549
-493.73349526246113
412.63205434706185
-1648.3514116603849
421.172890835478
-1645.8942491046244
-1028.3387588242574
725.2288013472522
-1264.5207848449454
703.7599081312013
352.15090821272287
706.8657982254659
-1002.7688372314433
1510.3929792783495
-1154.511250365195
1572.605015858962
1521.8198543068718
1530.4915966761553
1158.7094225392116
-226.58242631307678
337.5721410732578
-1332.364012210345
-1693.8655165845603
342.5759069439828
-112.31171798485266
563.3080570912131
557.8949997887055
539.1050181877819
-1392.9962253097576
545.5835962844362
-510.24687804006123
563.0438285571412
-1291.7672460323108
-628.3658530035409
572.2215741667712
-38.61143054250764
-713.744340444465
-1168.6253590798196
-1192.1619122423244
-1149.5253465717815
900.70081988357
22.17292957620444
288.1686001707849
410.4898656329225
-623.0008912930606
-788.0511205972101
-855.2185465863408
-1867.4149244687644
-1266.5285667456428
-353.88745972447606
-190.8880730953985
-985.863754653879
469.62600250017726
-1262.7588178616295
734.1442619958012
730.0983780827848
-1949.746435529399
1913.4170027722348
-170.20114030978138
-934.250603580599
1960.0660628552241
228.69525011188946
-1084.4515815593693
-779.8958411079332
-778.1909625120871
227.6157212584185
131.34278600815875
822.7304767669373
830.7741163538159
66.91400717690028
822.6955170830995
-262.9732255647743
820.0744585047964
-684.8974286369706
706.1672999835175
-1330.7578770562977
717.452197355227
-1290.5413992867766
134.8132826939854
1198.5006493938033
1174.4029807132968
1209.4013449231934
-681.4797748633487
-1020.0843358052124
1172.3246522220925
1382.4143988365795
1193.9526150266545
530.9756209978616
1206.6186200186482
766.7049228309959
1349.6330233202248
1429.3315186021337
-1025.9656951264733
656.35738888562
160.62291343296647
1357.4377557484652
1468.6249625515802
544.8147361276328
560.3237259572614
62.87401049630523
559.718589994786
-911.7591229233279
-434.3809277749376
1205.1748982614488
-1463.0156021390292
-2427.527769555364
811.1341359160028
1219.160418441416
1220.2547518454905
752.5934420952436
-117.3022782021736
744.9067518828306
-936.9817634065505
738.9034903088814
688.1062869137141
834.7143846712692
79.02247481644078
135.82908179595015
-390.3764668767668
-193.01696647281898
-556.2349118531299
-1110.41270925931
724.4961206008894
-958.604197047328
123.64133460457757
1154.8122282861987
1184.995678351432
-772.0892496559584
-159.0614445104397
679.3836335541894
191.5174234423956
541.0875569708194
-700.3398985232293
-797.1791004651081
201.43723143331562
-1921.3313970473855
733.4514643397634
715.2063290449114
276.01347597614404
461.5934929170908
456.257909116153
-1099.7909630593822
-967.9654975433584
460.07744248153693
-350.26760299632616
-511.308736980451
28.99202147637937
-1003.2632675131416
765.6898586439072
-157.6543074379502
-929.9914362955237
1383.7616273098683
-1111.4262867390598
-13.684765067823925
69.02867473844167
-388.83369790123686
-1031.7337045804702
346.5272876467838
432.99161918372863
1098.670742417122
1124.9727104807462
-226.66726939603603
134.7669129327636
-597.1177670257335
1181.055066772736
1197.2936552286885
519.4540428733096
-1113.9902005163165
1183.8805945824975
-734.7706768468645
482.0880923650172
482.92435778331156
476.120525953845
468.7655630626849
-659.3295354617113
240.8386981176082
-1089.6165232730038
-280.88518979443853
-897.4460423897812
240.14924082344467
-1391.5610656172057
1152.654229883626
-1154.5724410721893
1122.4707592716484
-201.12916661505136
-748.8299907869314
1153.2911493185939
-1244.9545731163287
496.5810703691759
-510.21724430688954
-93.96034025509975
-1854.3530440229122
901.1502239519671
-926.984678497786
1302.3770404537368
1390.4830715558808
181.0421676750105
31.128217692181032
649.4979743275416
155.17180925116293
-1978.6133706261446
-1643.385159931937
-1904.4468725662769
-1646.9685911716037
-916.28461284935
-771.8203883837298
885.9122638858479
-651.8877710855177
52.22349020380798
918.0978952278053
-512.5043367359231
401.9453910370199
392.2054215551891
86.06026588106783
403.46286064033427
400.6157822406671
-1202.3504304720136
-557.5113757460456
1236.702875814373
1242.055048234737
206.07504023461217
-64.95727473083656
1128.3894022814775
-2187.2136537178667
556.9216593070827
1437.1608278034598
-1304.3579037082047
1375.0629845803921
-18.449296201997257
-1969.9412930737112
368.3567888703606
-1111.7586232740653
1216.756088896554
1241.0911220166345
-1994.9157973285526
-1534.4353264257275
-813.1285566301755
389.69069941641044
329.9641516081658
73.90033997238805
1180.035723214393
-366.75442184082533
-1662.7425003105252
932.9723927145988
456.9914113843152
919.4866433730743
-519.8394098764018
243.65998379811757
990.6228005205187
990.7604126294968
-358.96524152970187
19.68987267314904
973.9954840469702
-908.1736386044471
-1924.2761888775228
295.5577969584947
-1048.914000586556
-1098.0828209962278
296.1885964778543
-540.835962681123
-991.7803454290731
375.364960426712
-868.0900214930069
-477.3695427641253
398.92144752741365
-138.398727246593
1285.080580114807
1354.5965879995265
1411.051030292246
1412.3938567109687
-1602.101164317787
477.258010112133
466.7920097953601
-1668.803354416983
-818.588053907637
-395.8006664149671
-228.33116419905514
234.2011966218273
-904.731149631738
-1528.0078164850402
-1343.4012599035607
-372.6075546296445
229.47320070158577
1259.1934559011074
-270.84845897054186
1297.2086099664657
1309.9101540511306
-892.7073395738654
690.4931371672399
-692.8962513000753
-1677.7004223850522
1143.1169037603875
1190.0091974849956
-1542.243965847054
1165.4906564953196
-2481.1850467665026
-353.65176765361605
1357.3776078571989
-1257.4173357984675
-2470.2834226650393
1488.9741081217892
-286.72253373823173
496.0315226183242
1322.2836158263995
-1293.7755026801678
-2429.7149750989433
-1459.2796679864814
1412.0833515819913
-2114.1020963313886
514.6752550705575
1210.478038607063
1425.7303605459467
1456.3557326081782
-64.29611272721847
-2110.4435134711293
1463.0891267835916
1401.3637227835316
1350.8216557431917
-1379.1934954766623
1139.8944018226637
1133.2420886253572
-1259.246490008739
1165.042265491894
380.43027469917394
-1571.5760290419096
-164.69176166783507
-1992.9083989587893
1285.7967524208393
-2299.759727648474
-811.5935278786396
1317.8791035321617
-149.6301003314443
-270.3351393560819
1105.633686632715
-1408.720044067469
632.9922706388224
587.351985352555
-1580.410184320682
-133.5331108850657
-1787.945121366265
1900.9790449004358
1917.3368858785495
1844.3967815082597
1288.2325742840478
1345.502388117121
-1327.7390434972806
-1803.5580860349157
-750.983350965948
-2496.272533302153
-2254.017554743975
1075.193766616063
-1314.2058682357044
61.99850668576978
1466.8512102014251
584.4236582646425
1017.2811647116276
-192.773398878325
-1337.6260441436677
1483.2412441752435
247.8682227939899
833.971050404883
1441.7472455399738
-358.13990716415447
240.11027649953465
1729.6200341140398
198.32042133898693
1686.336290389616
-486.96922258717746
-1369.5753982847064
-1611.1257152357084
-501.7325076968171
-226.07819095950737
-1284.8887426021095
-2109.1603804680303
1546.6823288552496
2028.0758127992349
1360.597318635393
-87.22781063924879
2016.8085022853859
-1553.7440829324032
-2287.927272259489
1046.5393950199264
-1942.6120575602813
-195.6992129879396
422.5751952138734
-2310.7622714496993
1282.314780955776
1424.3215455070726
295.92561431870445
-149.2096073920829
1401.9238304290589
924.3826177950361
-560.2838396857751
357.5601639347331
765.9905511511988
150.45335433009237
-1503.1370528811399
101.52262677730617
2313.4864738204487
-1327.931901984732
1427.5558135369765
-1571.0847569955295
-2116.178777130583
-935.7442222345053
-71.57410999465954
-1530.7074655932668
1098.2449956508362
912.3991151309668
348.2248460004495
1656.8762123250967
-2223.660288665234
791.6592005006335
1383.0969449239005
427.5553508217861
-341.511273934007
-1215.1562796830035
-740.5897760160074
1727.867669081144
-1760.0751666938663
-944.3195313544041
175.97891424321722
-189.17336901051073
1567.381844560048
561.6135178918757
-1485.1091090403722
501.1420823290038
-67.22179511700344
-1431.6308115451839
360.7578453702311
-272.9511173218008
602.3204527495216
299.8490949943328
-1018.0906852340242
1688.7228561747484
1757.2370169760438
-1469.166325681841
1216.9401882185982
242.72310143815812
390.5147067402731
-658.9690529137021
-575.198831089212
-29.8894757471746
-2295.2040506221256
907.0951176659506
-1955.3342504552818
-1045.9117343762987
499.58388166336687
1471.236689791362
684.7414079358199
1564.1994187809216
-2316.633065293355
-1717.9822634921688
-876.3709148680688
1470.9786491325956
678.6102162788017
-243.02805440753582
1074.592738233272
20.812578587362786
1065.6040691967532
-1193.5169117558573
1340.8423406708434
-2216.8043429346108
-284.33600173382365
-1356.5902875610152
1285.1556623942352
-316.10555011147125
-1807.2386424083825
1316.4296873754772
1328.8783335728413
2131.9139169148984
707.4990818191707
-2305.812507451077
2104.51946208166
-746.6471674202296
458.80321522417887
-908.8208019913989
464.2574491989265
479.84440467473854
-2397.544103828317
1330.753320691197
1754.6773304613253
919.8705717190675
-2431.0145302368705
-980.8332021949917
1102.7623886410142
-2432.3317489369924
1072.8079818729548
-243.4403045781622
1590.1110423053242
1630.9734633482492
-332.24844679195286
751.502961731816
-420.06686560358776
231.68513307509008
-1595.7060265647199
1087.693948258025
-217.1331626790202
-1314.508301341104
0.2860960857875572
1231.9778961336474
1266.4909628532992
-1240.332444597815
-1863.3792563205332
199.7696854929626
1084.599095197128
866.1671526597848
-837.677989241234
893.505116044088
-2064.9040749533474
-470.87193872401826
54.48842298725665
1710.0282319311173
1680.4500834125224
2092.5968059088696
-1511.564694137444
-1580.5066728955492
432.3567993276484
151.42418028142987
-2262.1309222977843
1354.4195234588203
1366.8358175550618
-879.579664380442
1365.6854372121384
390.7286945617661
-2130.6816902169467
-1628.2912103327808
543.8918646764558
-312.98220488926995
-2051.841758636338
-1005.2574239074577
1172.4589797001747
-2060.9703087954667
1215.9442527146998
799.5766918194014
205.42412400398058
-1540.5607664804993
259.4918903432336
716.1342106077502
709.488165622902
-1250.765301757164
705.7747392755762
88.60945551816135
-127.07543310919334
-969.6388668674743
1155.888288539392
1160.6143420476335
956.0282877851722
-2139.7099617508597
-683.6246077910388
-1462.30929375577
322.99043471980576
277.80789282473114
-43.072440681014015
-930.6939788396212
1093.7496959636453
723.8866167634501
-2427.9792647629215
-1601.1761253578586
-246.06017652714308
770.4998024268853
770.3416435256191
-2140.863102050491
785.8976896823877
-1715.8960271035367
-815.3331757593141
-738.1273901218233
1800.8158704048526
-507.06348961790934
-177.43166983421816
-1909.2981210639487
1771.9734846402341
1368.5461835015615
1233.5769417316912
1404.4193205627355
-563.949676652417
1352.8079700544063
1401.5415213399053
-1087.12991499
-569.1302761600854
-844.2501653713111
663.6302550405616
527.6511846125584
242.42812019004904
267.560262797341
920.7957741798712
-399.4996103147205
241.92908969719676
922.6370445516488
677.6740076941229
1404.8019614312996
1685.0199143924394
1640.9679699899332
-41.35767160368701
-1711.1656958232888
162.62503952752286
-502.6772102076093
1094.8884934025534
-2014.5494063681742
820.5474430122448
-1198.9797276392885
-1136.629623983944
-2193.1509790538717
1113.513211454119
871.364019006693
507.2819733322934
-132.1198216500541
-1202.4584044803173
-537.465638617076
-1356.0257766386007
637.3315643750598
-329.2709173957471
-1376.5283259658493
-543.1612606763102
-564.1516852731854
-616.5144172252458
260.0491684642081
-745.8028656276826
1072.4717136598988
1076.4598373838971
366.0115984807472
-1501.53226787409
1698.4113058303526
1634.9023400950387
1590.8787169693
629.0128169863319
1471.1434889275017
201.74719488675265
1573.8298325471599
1582.2235163845369
1432.5035072817323
1296.7455360885897
-1638.3187336290434
1620.6727342100605
1604.9868723622558
1625.5173163769255
1553.2216363845266
1595.235454719032
-726.0515231052747
857.4006031431263
1041.496998310506
1036.8387800578798
295.24677733178953
-275.54516042900883
1468.1749512954798
1470.005461058207
682.6133914951162
-879.6314519461503
1494.4064694953524
-106.96345402851016
117.70847209132063
-1726.028666105873
1169.8503545223134
-568.8627112052638
-836.6996031693193
-1343.319868695004
-468.48433248573014
565.9653969685602
1723.7093151659228
1776.4152633726608
1779.6442678629107
-1926.5768538532107
-64.74335421486536
1610.8632301132054
-1749.4124601271099
85.47257988867504
-1108.6028246316373
762.2464485260816
-2216.9003104743792
-96.07973533137437
506.9197860000655
-900.926952130962
580.8398076214861
1270.3004873975365
674.3605670503458
1105.8748968415139
704.5981185734587
-361.09341304790235
1134.9998349020113
1131.2830815962132
1349.005779342477
-1801.400491419038
385.45799971819395
1453.9025451190976
-279.6904986459109
847.607344383405
1566.4766189786978
-419.9172044474464
894.7247943348742
246.4482864184403
-395.8005987418263
902.0192595863342
475.0338028497529
-2404.222079482405
2178.9761525167587
1706.4465377276351
1811.98873062351
2145.0190764374374
-716.1356647357775
175.24198073622387
1775.9141478223567
1798.7851514351944
-701.0983873850513
1551.2895535725652
1303.6956446185748
-925.9085214075776
740.9706218819869
-2312.969190928336
1680.2443826423578
1664.4682689996553
1933.3452122331323
1468.5152141124977
-1911.4158341928096
-1226.591444941984
1986.9018897014173
997.2312992170055
645.0685024650213
359.16096717196785
813.6568212460057
1189.9279779197634
29.654520946572063
-676.082843249184
-21.09553277521539
1146.4616997095643
-2133.3347983325043
-104.01055744119284
-1947.4085677750213
1223.3849540144288
1706.048242224635
1956.0712397026675
2017.082352671631
-674.128536014314
310.0162470583184
896.5530596578286
-1317.6313449756476
910.769654773311
1482.9017670430667
1912.632905003051
-1812.0501022479657
1937.4110290637918
-727.2645156594685
1242.855217999057
876.2287483884919
-1783.928858831031
-23.232918283122
-97.44639520123026
-1183.00390386824
899.6627751580912
56.51238771911533
1323.975923153591
-1407.2136250181377
741.056723125287
-1617.8538033089742
1197.8828242381405
518.3349985612173
1054.0028260705708
1192.5800724794053
1089.9294801846797
-707.4187882912267
441.895504413872
979.5502089576335
-251.73663822633648
1122.7086030564678
-1879.8360127421283
-1312.9111062839133
860.6331031555505
-1300.9838556288705
-879.8307553546332
21.64089577484181
1399.5351541164182
1234.1246548327863
-1814.1734400360876
1016.1808721281743
497.12856771200256
-1526.5199199951057
-1545.2794644709697
992.5595250458007
581.722433831513
-268.9459442959702
1657.2502183319198
431.70248817495707
112.10364626267746
1221.732885618681
1157.3578029930547
-292.7063912331811
1236.0516483060162
-455.8594658514481
-729.7598328101909
1584.9308896830664
1489.6121217614116
-782.0043128348144
268.5067066956192
-1239.3631089849646
-707.845720066789
1090.3679232689715
-160.5933960108117
-746.9725050118336
-612.897807191555
-691.3359425461914
1106.8315432275008
-220.18333113075084
1878.9280008153817
-1401.0206621748048
906.0110519421462
1872.307195956546
1261.286936442844
-538.4088135920213
-1732.0034409257223
1417.4382662636767
-1485.5292794810907
1389.653784742264
-1915.8787193947228
-738.3495935862504
1252.230129706412
931.3446064233876
1302.2419899869255
-3.4006816647514952
-26.752345868195526
-820.8805434057285
747.3114333257943
1029.5397787145246
-1500.3771105366698
809.3047329681099
-2114.9805016597697
-1399.1068300352863
294.5172389418939
-619.790792107737
-1482.044035506383
-1081.8963518479652
607.9398159036859
492.93803781720965
-623.4664914959112
1070.4976593119852
1060.5356027878277
1120.462819787815
508.03471910432654
609.2399786472861
-2037.7321611412303
1261.9040478107681
-26.663870945267405
1205.4947302435783
-762.8172426902029
480.38115181242983
790.9402025186927
-1215.9159603699693
-2294.1316036162534
-891.8704298004411
-714.6645400044152
220.9892581589564
-562.0991451696343
338.9414679373335
1208.8656543013371
117.1182536138321
-1.4497784495011672
794.2683750235128
1139.339223227253
284.76970105024776
590.7156525776048
-1855.7505986782057
1104.2245153221074
