316.69153292687304
244.10841895153615
354.8471884075177
292.62345386768015
259.72471775508427
295.38873294172856
189.5353408301261
215.78000912012712
211.50519105784832
202.18319815997216
199.99110923974462
203.97010713185674
305.5946815751775
348.8693395756146
362.0920302966792
327.2325943621838
353.93478542703076
321.5162759906995
319.34357150991445
282.1869871941848
281.67958420087007
279.8995628272839
314.7770651213404
292.9098242533455
361.3913512444873
316.4715072819889
322.38865420500883
329.96170894980145
337.1208786718501
370.28532063292425
445.3330761777225
472.57817249944327
457.81854237770176
467.97170771967603
438.34403671073784
464.04387817906183
286.1718956336877
381.7989289992859
387.19317791293884
395.21752237286023
408.97897111120386
354.52627035673885
289.9870995250142
293.7077041868078
286.9800553904152
283.2877106220969
252.51906265545819
259.1174163317516
342.16354770372163
360.91690588859854
320.47007361568825
293.68812762816236
335.078067798033
309.724864377108
360.0811282312143
339.5189636736205
356.80596196908306
328.6579777958454
384.0799452919316
334.10857847530053
309.592294523995
295.7648286134787
279.7068411859621
272.0556676643106
276.72201239409344
296.22907811704016
328.7166320707176
318.3765498075374
313.2509567508005
360.51462354398217
355.77861635685974
335.26841591822597
506.3242523175708
400.8743218264946
408.1139332259586
409.36500158956346
410.92150471000525
423.51863448653023
295.674497680592
337.40641519603287
355.67150721821247
346.48883230458136
366.6033449430089
317.25285172414254
367.60414353957015
356.6650240739845
373.0670453434537
318.3899995130439
374.8843636030514
370.14676240150516
320.301634745424
347.5175911593741
366.17143891446585
326.17994406250193
371.4689661198934
347.3553965429172
264.28422690695714
390.8359575032878
333.52591860207013
342.0620584187001
335.38577684881625
315.4124027033479
402.6933310558438
438.97411891680383
424.4355949302006
450.65798061243254
390.98188447826504
392.6732705667144
173.14484664456248
178.37745041440564
174.59596614128412
181.02239694533594
201.0988788235609
187.3517662336604
342.5222300535429
336.6528380072507
427.8636217293723
344.41112197917084
327.48315090663556
346.68691713767777
390.08488008018105
357.45321110708534
477.54262282858724
359.08867765379904
338.6429109328801
404.80093574359074
310.82815396402367
320.94658727456596
316.3355108910222
369.77854184478343
292.4215878410368
353.00472749597134
358.80402200555096
391.3818151062074
415.10445878950253
393.6890632113757
381.7830806909288
375.536441684843
462.13818473065334
457.3491323233097
486.2350314702005
572.7748917147071
451.61464358798395
480.0471046988273
258.78286084918756
224.32372725995828
257.1491704902102
241.37392242123974
247.459212410569
178.5044499882959
356.54893128671665
355.62187311339176
339.677770317133
305.6735147101721
331.3779648072381
377.59092262561353
355.66760596873604
338.96351389949723
392.02655804587056
349.0007052326399
340.3221455362528
332.28585176814596
363.2863545055847
325.60913417172
371.68349570281254
370.891399957178
411.4546732833019
382.4720214678897
287.6235619066267
255.8714832557897
274.9644745547468
285.71911828926216
188.86276965240853
287.1215360417938
390.0721511865704
410.8462162094059
377.0557042160709
406.3132729363624
425.08399855426717
480.3986257372563
482.0282886160456
455.5102535815448
407.24568494422715
364.2523094017497
386.5338237330692
368.8435631810419
272.6242414363782
290.00181175324497
262.29814668141444
303.4493130252023
295.571995244811
297.2844722769692
396.96826295460914
363.49889137486775
362.0914538818966
382.9609979678116
374.3941541048841
421.48126306311843
386.5658077906946
366.1019873624268
432.16963382126403
396.2570626941201
412.5902117781596
406.4066734037182
329.0369930773124
305.5427143691495
327.293619833827
330.3829940869819
357.59902246136335
338.97984613914724
318.202797236852
272.5446807061847
322.1856165434384
280.9781531944064
314.24724695876495
296.4081990189242
210.42979756624462
237.378625357916
65.25636651713964
238.95091229626016
217.13576462987487
102.5099155887691
350.1890528313208
378.73172090248187
323.2131139648331
344.0630340442997
374.69547104389306
373.23117102659955
265.51915013081685
335.0014391855066
297.10694120876184
340.90527468096695
328.87324252475844
302.27916508145614
334.90162005313454
359.1020162131246
325.27720356020797
351.1373347565784
333.82691393181614
325.0008473862679
279.84089863387607
259.50859442070487
243.09165102928537
283.39936902653193
264.8870435962642
263.17562273073065
284.732817497832
249.91199226148922
255.40733749659506
241.20450266030878
281.77079455359035
273.09576909301853
373.9240516578233
661.0
496.5486199099911
508.06285757524216
507.7697795669666
437.16401039304964
447.86306135681036
131.30100414323783
524.7829485550071
458.5784563110889
433.387076181237
471.9559015965686
203.69143745490763
226.35058910760293
217.0244992795299
208.08627753808838
173.0359296843322
217.5197984124616
546.5549042955997
480.853872212831
504.55002067610667
475.7939923226884
484.14211075370883
578.0218683262265
321.67578686811953
348.59509044276257
333.7539360348364
405.3831177410533
399.4051993653927
342.62465834633144
441.4543049826634
410.3171228998882
509.1686168132122
418.60629605707766
-212.8158097771453
453.0236860538867
585.2983521620187
483.6304000333341
385.2290494545646
474.71095320091706
-264.2085026214131
-661.9719016426294
64.89615721981338
-691.472546688735
-212.82983634947306
610.7001096707169
-174.8568683021972
-472.35094349995165
-191.98798615122584
-255.123628783818
701.3933825578833
-20.218627311048905
397.8037873425582
757.9110092361128
451.23287127277854
156.8616713555081
578.3738969723695
12.94639770615691
-337.2308908794945
787.8474410349393
640.7395375038423
717.0043781089605
-410.93087083279426
127.80574475495035
777.1363123686596
204.0456253520371
-359.8123912151352
-175.23510686977673
-695.0
675.2631658829663
-149.09659063400528
734.2243833674831
418.55269625521913
738.6571537919225
319.8542711612173
491.2884796196759
300.32258252721977
321.2812550595799
28.56008932848727
343.49837359502743
164.7043122414649
616.2634711830084
108.56342836049282
-133.94263086232914
18.398695581375016
91.23943812594058
366.86662005468236
690.6879023121974
11.419448450518836
350.9569348794991
584.6674690344846
596.5773312111354
9.986943505532548
200.64647320223608
-239.41553298331658
-19.835221134158477
417.30758885969135
182.74677305390878
272.54709797086036
-110.43885482955947
502.8926410449675
32.1916872375738
704.6666001496603
799.861313613014
645.9386241440295
315.13596983771646
290.3664446135721
416.9625869350561
345.5736433040813
484.02658743966333
-461.77508204841473
546.7014114465206
680.1460354400839
-176.55411520076072
18.495845622126506
-50.216458497875905
150.16602825001587
808.1300244027011
586.1911273978944
644.387615779108
851.2231720543872
433.96943277827944
558.0647972744586
265.8658326921545
215.5027294834549
-114.57287468048497
704.64846360502
563.2109728899754
548.2967721963155
610.664274096464
-132.61017352582408
292.62564875219533
-160.35877590038663
674.4299675433874
227.24624497894868
-262.99995912972145
-554.5746168374754
-381.43593099030096
753.2954632171142
260.4065224518832
-461.10773219333646
436.1671566604269
665.7793858443697
61.06617084708353
43.48908875365223
161.4450405229494
-124.74626865263735
-244.7492983805213
484.3740665004634
321.6090349684615
93.31507293215232
620.4487174648656
205.60878506838782
121.37656385847724
91.81053624686413
-161.31854454645418
-513.6254084806274
-179.19008622243257
558.6164010848377
-152.9823937986493
327.71965239104935
-262.98493636433443
137.6995000432608
584.7712115365515
-420.81864961825187
-409.35197399079357
-50.17624912725018
-155.76905689713095
734.5764590603363
-754.2233121151309
563.9323481376722
15.431023299611844
-336.8847761552015
-412.45905821633596
163.67868007356182
530.318607640963
269.02541471233184
-590.2038147403077
-325.9772850997311
-411.8321230251248
-119.14098645056805
54.127440746714846
-40.50678585710951
163.03681484731135
136.90170280956198
451.0412486682282
362.80837433750895
320.61480578920526
-187.35568962089786
-17.45549608449843
620.9829431455627
156.6026237771922
469.1977100947747
459.96146916231703
399.80873138432224
-388.58691240848066
402.8051627220376
483.79033885412673
639.0072366532168
-13.707455084288815
707.8933211984647
598.8036827045593
724.606323081296
281.16143630261473
93.89398401509843
-68.59336874667231
-55.28586435735178
664.1113123243538
349.4196333382749
428.7151263533712
596.6045331834298
890.9329333059881
525.5753031936077
448.3664748030756
-444.5320244510843
-210.86416049735828
608.9385776752353
349.6217218623889
463.07196221213275
111.85249128912207
-283.21894619927923
-7.4078201911439745
854.3212485687991
59.564185851091175
247.70148044442595
282.50435761155825
647.3822977615534
681.8215469875895
66.34630000843498
722.0212027408822
189.1837849956754
572.9288942101597
618.5211103430505
129.28111495347832
650.4745682491242
648.7154549640823
652.3164476329282
700.383525890976
860.5425835473307
-558.1345783327328
216.00535587419597
350.8734024295418
-311.3582503658124
183.172325078771
-172.28512831969977
443.366534063529
-531.873424852317
31.64553926815844
791.3406887980391
-120.3545386129596
153.1944259299655
444.2261653826993
225.68418215234132
660.4747701247267
92.0
448.0655434591971
338.88492715062137
459.2538895056505
137.09619435863547
623.1844733579519
412.90136481838783
413.0961047565878
75.04765947821792
4.962759137648531
91.10204812577841
295.61796994344945
54.12151585861536
301.9888738292008
125.48779797659067
108.02236607195954
393.33137765051714
659.2097156653782
494.18803597257875
567.0978915125403
385.263452354723
25.047472551063372
-4.93626170343144
324.8715373535759
-300.716495020204
193.3219901379818
-287.86315138855696
388.66668240352436
168.3414485044822
-191.14642308164662
593.0064083215351
543.4709022606996
-103.33605720529808
98.38332662590079
-215.85096909122962
542.0
-257.7113994913358
470.7891151449331
285.7260497603982
48.240660000000005
609.6873843727878
-549.961526994281
325.58262193272805
680.9105636973823
-195.5819566637068
525.0141849404458
-45.22797803436815
125.26327153253999
305.62597872790826
69.63104349933295
-343.9473194813752
29.294169216687305
549.9259867006759
331.73852780957577
689.6385325277296
418.2126224968962
482.9806715664855
854.9051445244779
54.437888005882954
-342.07284125912975
48.33735685413731
105.40003201047035
-105.54491153837031
-353.3984073851234
579.7592453022196
813.5862606725057
557.3857563737736
62.5144323378768
-33.0
673.9432510027453
209.55943004400493
190.0109740845733
203.38439939870457
189.3913073320883
183.93653987532005
185.37211405156594
220.6011656492737
201.4047143805695
233.83640460443428
218.80437732974704
208.54862449115984
195.87137374836786
199.9934336349712
200.95929926364
218.91721303279718
196.63053459144768
185.25491117428967
191.52239875829173
149.04526032146222
154.3817639761422
172.65455851960874
153.0614608360416
174.33683416190624
165.76780120873613
160.57804566204553
169.36914269879352
165.42491972262073
180.4701006839761
164.4444673973222
161.26802835574583
168.02631717888895
171.2988974901272
209.21597969133535
200.38333489742652
190.5774455450954
181.6420615525879
193.98590488906927
198.97253424614047
230.07022362145148
212.8701787705282
206.69563187980413
202.9877326169643
193.1000654757872
220.875413188776
226.88738945665435
215.53118999578302
213.24700962653554
195.23309201009687
231.3467086815556
207.39142058421584
210.46695782949368
231.8577282157294
227.37153750957503
201.06018781379208
206.3769767698955
197.6632792182479
214.54266877098718
201.38541148689524
200.82851021581794
208.0278906586223
197.7409484437626
160.69278092082368
169.5275841727542
170.64489153014176
188.33865916653846
172.0376774025067
185.62047476278352
169.81369174811434
207.65737325433878
177.33818263010852
175.0264645641527
166.30482103832134
152.36442455639178
164.38032439867357
152.64562155683075
159.34889870985333
149.9820038824115
150.2724006025111
190.8117017952574
197.58563442975213
205.50562584995404
211.19116628138897
210.83980828532827
194.54585404740493
249.13486668250928
284.30178868133663
268.1309571718649
255.17033767687354
317.61718097415894
279.41326107429194
242.60663136056644
262.44014767576243
245.8974203629367
231.0955585758417
259.46508050164755
241.13369261110543
236.75332146468259
208.26746085972806
194.4819687363654
203.24211398276285
200.37926948268424
217.64526625488813
235.04266931002766
203.4899379013615
203.82483414992421
199.88839867760512
194.6113059710352
197.93924114090166
130.94365368621607
138.6076183543101
142.8774319403133
148.39876437767225
140.29985372984484
130.4524797901469
204.90262721685005
203.1018540979692
199.86425903608622
213.96319637227904
226.67995446590643
216.5705988243063
223.2673901159329
229.64740054276788
244.46594432297513
215.0254653931756
212.68108623953273
232.99330451051273
305.05501935895245
273.32101249096974
250.6619809917114
246.88975372527833
269.2827409608691
280.7366115908259
194.1253837096612
195.41634987065066
189.71515307575984
212.57967461089703
189.49802828499597
201.07377638826654
128.46016213634113
133.74292730602903
141.5675807205897
145.18568713519755
133.5428051007443
124.70487759450383
145.60874612270095
131.928307694703
141.5035858719739
145.0973209465946
130.11256452506808
144.67650589410525
211.4066052386124
234.74603933701673
208.72126346101888
213.7076936206742
219.4725820000672
225.8822860390394
206.60867974239218
184.1810223616911
204.9758404343021
184.8223214264339
187.1144373658335
187.12682191014179
243.33936097053726
220.7932975079619
231.04666177016458
212.89024675967994
238.8497788281966
213.14034496767053
176.31752919328235
175.533633081361
176.6688418128729
186.08852069503067
164.8433004927272
167.76368364910525
113.52950720733995
114.07808897620214
118.12566482946083
131.00704695154013
118.2527941620187
139.3776988535287
205.11145060950258
192.9549791480608
186.07987724217344
198.45506812709598
196.5469617939809
190.1802961132685
226.37837790382906
208.31479252296717
212.0713467297996
228.81306288748195
212.75338441964203
229.18213019911187
240.73444550210834
251.99417719898324
270.91577954121107
247.45803270573904
264.0448971603525
257.3846188078595
202.8868064010203
226.97462960087822
229.37418439189452
216.9753874952869
259.9634139715615
241.5981248564467
186.41111492522663
166.49381784808259
200.1095550320495
172.68334646349822
178.48014812675902
188.52062505270194
140.65560234587616
154.94623741311804
172.57770128639157
160.37108561897426
143.9204450319419
156.24859510617583
242.3000388731876
232.39651736625123
247.22790132125417
243.27471609011656
237.9575889253965
235.49589007927167
193.42815061461232
184.03105468987604
192.9221467523858
203.1763348276184
185.0122849026804
204.41046146574186
213.9829037754825
224.4817354354834
216.52091224421747
249.15721565940882
226.13966980290968
216.54873988207655
187.4437789972522
186.2800926618134
236.2767987706739
233.37111563540049
218.04070683119065
191.48454529258746
219.68345780997092
205.70824692036285
183.87865420121182
205.66755413295266
198.67906625039623
225.56584691315092
198.05281154565168
209.65109308878218
245.28824078319096
203.10150643922728
202.09571444402764
221.40594361624477
178.50465172764245
160.3795816105707
169.8696243475621
158.04787885167488
155.18193077892138
175.2553426018488
191.55845901493723
203.77407481044617
198.55783137767438
209.2756806271417
208.05220900826743
213.70157309024538
172.95110565720648
181.61026130112626
178.12937214702507
167.83842565052157
184.5210795781914
177.16196540274356
196.95856275101434
188.67572741692734
202.35798877558358
184.87392405904234
203.75462431999088
204.46637875363004
207.5232201880896
218.00632235326594
201.00968902742932
206.15084009224205
219.42385483619412
236.22101512692132
252.60366053437565
216.3571311401567
254.12439673075303
214.3382934575542
234.52963486652493
222.5838060450602
208.22999332989934
172.55159069172888
200.16019597294596
220.3037763329353
148.45830638552977
89.13554591402716
96.09236763907526
362.32770032138035
422.81506228700243
454.6388232188494
511.92128214199147
291.092352592605
640.4702726426863
-69.13202144094656
568.2089337096319
415.2255228058667
-352.3105187760903
668.9721019933621
-247.99924188079572
78.01402994452025
-82.8288152006647
-61.71624375264246
-133.0
-128.87690243968936
-74.7653786268027
381.93298818298956
-39.51136436293109
106.52970304469663
614.146315294781
-43.557658507621795
-290.74960981881895
-95.48842317624477
-63.08769601596714
-120.76928144106941
-293.19858195118917
-701.0702093806876
466.8558375053425
380.6776748585963
283.6523535298666
257.8431124019288
266.4422230571321
287.03290176625404
352.50245396275926
-35.03265452536766
2.722278992471354
69.77012730557135
282.7196533925287
475.16057632380205
-94.30555396783518
359.08435516014754
-126.41411686450378
309.8796652957953
-526.2763973633855
650.8462822808074
-309.77943796264367
-130.436629225834
453.68627352939257
347.6699764976808
-60.28694254895392
205.9134966904465
594.4358070561722
-753.1270189413166
-626.1737006152681
593.5348177781855
-348.7691218988614
655.9648021605188
-862.0035858318575
58.72822457476216
328.87079661600785
-20.795559473357745
563.7332162826557
539.6858469645958
228.22250716974563
158.73103752385634
221.63491241033856
108.6759102087852
280.0951806792916
243.15565538228154
278.402432182968
439.0713713178976
166.5902527593253
456.53271542291816
429.6259787513697
340.38257657857696
288.74824296592465
684.21961985138
317.96638889005897
255.8058465742708
88.39896303698971
736.8422386858864
-164.43251870029678
30.361001006511863
223.317227412476
-134.06232905973857
597.8708393411353
248.2886682513912
283.1209480564588
-80.34004997271094
468.6130073136736
45.52607586267098
77.05764307995595
253.48671857746817
201.80410810875122
502.1962810887228
327.626612127115
810.894944557754
205.9771904103062
476.03950545378973
226.30211996868866
179.9132177232041
182.92705134322176
176.2315898322937
131.017492225095
166.93455023582268
283.55035283680934
415.57757518164186
208.17271917563764
343.7599024607281
339.93786033941893
423.99070459024693
417.66017693210506
434.51638979086215
572.2499498930517
237.54819230150972
671.3417418910173
531.7585150043644
496.9616032076609
553.8465279311154
194.6310225755816
720.5962470707794
386.1655895314524
709.3067988372392
682.2459990005549
-138.58958259462557
-221.91688650061732
165.48627599012443
296.3116580879156
475.11433774673645
-75.45446358038063
-18.227795590785068
567.244658509413
81.90743251359653
112.75118927711465
691.3301501511771
236.39005769659488
235.82362493900652
254.7112538655736
280.0659640671119
239.89098346471056
220.98785176057888
487.61171189885954
272.2462209546704
345.63821608185685
285.03822899251753
409.1388096763839
420.8740078279422
72.40143287009433
121.55158481231092
-179.72701035478545
-2.276935894032502
139.34026155026044
79.60342391358603
301.1369592357106
312.0138753947611
551.7157499673065
166.5255698551419
443.16237449568564
346.37883886852586
409.855971791715
-270.95387174932137
91.32636959120862
-377.8064220258513
-334.611469938269
138.23941729339057
58.76268104021543
-45.347987015879426
-27.003977333460274
62.23241320723763
122.56475671733466
5.161079641750952
394.7294297302086
377.3603465102575
332.70500087817186
269.174881806551
349.47314243775094
291.75591264094777
257.7239483163912
337.89007871623045
378.99083543942476
345.6549418420689
337.9144209034682
329.3955034864958
78.74592631658192
296.5137284274957
338.91534457046197
475.3767394939569
128.48574532224092
507.919935227289
-56.11124524152399
184.91881045697
80.26785500079035
-29.148948395680506
-215.0039302249322
189.1792023611348
125.43972004951326
361.5914753812687
210.42889641833287
414.37095629874153
422.5353098450765
78.97551701566698
240.87096886182871
93.92899080052419
78.67010351068816
201.55277940167852
274.7198615562686
372.03890431292916
241.46974140437814
390.33034224777396
345.5920317285703
434.98206248712256
352.85855777404663
331.38071867846986
260.4012910362149
249.000049625254
312.53571289008016
284.32048197910564
320.7372938218793
338.20585878059484
329.5739992674305
301.5226103566088
354.8695422887175
413.69093342038263
347.46749596960984
330.828966535692
-25.36517537004029
-34.7950740953727
63.488065015837535
82.01896860938811
-5.887534389697578
119.5455889416927
310.27220633466527
290.5105705362794
177.1351207679015
321.8324472158496
86.53576087514622
361.559935011827
463.3671424499377
385.5050936489084
213.66475664415333
-265.01379697644245
170.9784110475421
473.2077215731344
195.75311479667914
181.16875913460103
183.53580216187012
162.06488693504352
185.3065738673993
212.7594873619838
250.90625405525464
269.5490329344105
313.40657126907706
308.8611015462597
270.5831030922487
275.73781473997633
225.13457587094686
227.4187172610862
240.5021634368629
226.5155713687417
246.26332101387473
263.9980678067053
364.5520329783553
380.84930169521164
380.34596774640886
359.40006516136737
458.16797794287703
342.05482400438416
317.0548431195106
315.69269036116225
304.0136807841517
433.0655615792513
551.0428608649238
405.33642150179867
540.5441956375075
449.7123128185401
513.9576687172226
437.7025242472367
318.7397465726992
230.54356974442504
53.28847439500841
59.560702183458645
52.40454760243057
51.04894773330868
56.95222579789707
54.84508378023096
53.77702601732908
58.370789110467044
53.95921434633021
54.338018031068955
54.108652349168985
51.08834261896359
56.50848458807894
58.13076358779746
66.38961666990771
57.39534305934521
55.214972407981136
55.19539843444167
66.92432672612223
61.56955405555504
70.8016868721588
59.62386502922012
72.92245289711386
60.420095910407696
62.24114652516254
69.38097345675219
72.72908913767354
64.22870487001474
73.72573955548899
74.78686980757806
63.57499028206838
55.239812929024374
51.41365354196218
51.85868415170191
51.78221469744209
56.971576955385785
72.813263723655
65.80415413962125
67.79193687697362
69.60927874561209
73.90701027228202
64.29188180131617
95.05496371162384
92.00677652583784
88.11823931671393
89.09523575623679
88.06670811108687
94.46523808902025
120.17684421189378
117.00264061977593
135.74364477314995
123.15049476336728
120.83446265884535
127.43511051637503
143.9208348394975
120.04019948061544
135.42986431360708
121.9084061413315
132.58458438342825
114.66596125586815
124.68666251722217
101.02670961331175
108.3643370894563
100.38036319597052
99.22801554032173
108.16194291894851
72.68063052906804
91.66610500035323
63.23919976015637
91.95099561055467
113.97523544775562
108.7023122335635
103.60459098562114
113.25860902180982
101.07196122345628
104.32428323523841
105.74361175525621
105.62342788948001
208.46791447597673
188.8066239500671
179.90711169298712
184.12561956931393
187.64635631072403
200.6250774482878
270.03387572209033
266.86142634483645
229.91139473937451
260.43151138132674
244.0293784902768
274.8736271263411
287.07922713156347
279.2690135586521
274.8067354620792
295.963549642398
274.97607311817495
304.7996824070991
210.06215832443144
176.3483021660896
206.61249449203754
168.57759081974
190.49575372231044
197.1762029353413
91.3535100994306
92.21281337535183
86.58489258021868
78.2399411474331
75.16333020004708
82.77767962100931
100.9669835417378
94.06756063432613
104.19775146728261
94.07799416056751
98.52388806817623
113.17091285751096
206.65759379484305
220.1685782399176
195.56852155622772
202.8918478845466
220.240422447267
219.39636570784444
250.60163821189153
398.64173881871386
526.3394182586214
433.0845064154401
428.8781791252868
470.804591394795
311.54903007658356
529.375538605973
436.3275948310767
256.45745957178605
463.4864398216112
384.94098221128183
248.69951030263718
229.200917501415
206.13429432089293
236.66107129976757
221.6345279675805
241.97630442359554
99.12404029437586
82.52368631412804
100.07370791071328
84.66963420309592
96.94027448037978
80.8417244109898
127.52577506699869
114.29055579573345
114.38349053850115
123.61096621564164
127.71743367241294
121.0553269089946
226.80938970545205
263.81805824041027
233.60788495396386
241.1851073276273
241.56380126235865
257.3383947883955
92.85244416886624
503.06061258228374
370.4830075300436
404.96118068930485
400.94305718935533
347.9080651701049
484.25943176242805
499.35604490424123
436.48141296459306
421.6812093266726
269.50208652456195
175.573294225905
193.41457234489144
180.50580468990665
201.29393745166786
199.74595184113548
176.52717224264353
204.32146699642837
121.0387180487541
113.62464931495228
111.39829107963085
116.78054028944285
115.49465540551279
139.09005111866705
119.68469314701558
116.88948850785127
107.51443433630591
108.38555038413325
117.82385977526678
110.19363487839337
226.44895865824307
261.18524795867665
242.60338332618645
253.5942570060576
302.30778024166335
276.1195128960135
218.36941188229395
246.49104987918048
251.2312406522208
240.9548203703967
251.07206727374512
273.23335824666026
416.7634047084525
380.4761462836446
358.4937116782161
362.2535904881395
427.23871436858803
374.9943738206343
172.1070296539366
168.66477729465106
184.3686427240533
167.3878123533412
192.42389673244716
193.57009791622494
85.79466506519624
91.98419384001745
86.70163154380235
82.35809788367398
95.0409887305114
81.47519208855334
81.30196459752918
77.260734181711
82.20048899381995
88.20664436034117
88.94711796527339
83.3070469066494
137.0601523233661
135.75753594751862
158.76193622219898
142.58488016927205
150.9153678017375
140.12045892444823
169.65295949427818
170.94075217847012
162.16220838001695
190.85372813465997
196.49663447686237
160.94128172071314
159.21725491405488
152.4762319103269
144.34064627729595
167.461825205637
158.89043111698632
157.54090468832078
131.69882088544406
119.25445983040545
115.82382369310787
138.22581249242907
129.8945351675538
148.43460793528035
82.57650293157592
76.20530375107349
75.07743343022753
84.53203839014063
89.63786995037586
93.5405202939304
54.83075308004499
55.649984775840345
55.906393781871
63.707023501122904
54.42328334058068
64.76618118905714
67.38413673448368
69.72908560788993
71.84278630981436
73.7859603711164
72.12486584684957
73.46221315930306
81.3682896708364
99.38673485154516
85.00309191267108
89.29811806950092
88.41907526485127
83.35694875767679
94.0473082431976
88.82564551706903
90.95884378936732
98.32771836859776
90.08967598508312
85.60623750299918
71.20737928460893
77.94645720984829
72.35963658544321
77.31759217270671
88.92514123439142
77.62450503922261
68.50932149744382
60.914894709787
58.89826260856459
57.871480770579986
60.67537042988385
60.502950143685254
90.17157993705538
79.39882283379387
103.37123379424197
98.44464523209996
71.9468724346448
87.38020186711154
16.725062274095805
33.89867091686282
-67.38490389848042
60.82469834809248
78.19953780242847
77.10397744956222
185.84527384288782
115.1522957273017
149.47469111669395
99.09945557977584
55.40218445570344
154.36462663049127
145.7677841708311
317.9524474724043
189.59650284387084
346.292118514473
408.0289941663718
501.67828775864746
262.93590461234163
-195.86402236935567
300.9248820088818
237.19451821935772
400.0078319451242
762.2003513604353
-97.49830332163245
564.159577404893
687.0681285035572
833.0587427707798
558.0628265303255
492.62556041558906
107.33135426210501
118.97437888718336
116.7684751577082
93.45909630077468
95.51191721849382
109.92120015532846
6.074240926130182
-171.65713592795564
35.9349100499764
-144.0165428356154
11.449825352146586
150.8645580191067
19.630739108508422
659.2239628738812
113.61267106812315
-67.1707103510813
239.5207515433494
309.7533071276194
-922.0839535254797
-39.18415358000567
176.76079900380282
-661.9012598736037
178.89248747215794
-282.73494149402586
-299.0197355587069
44.37033034305179
-80.13399952323142
588.4514141008885
542.9664384303142
-71.95009630766926
175.0488338862407
488.72304466719413
175.62276328234188
728.4173600242286
352.50234315279124
479.60969964116515
218.50792826420198
281.38151603239106
189.01689468349142
226.37931934127323
205.52770693024658
206.30557482231364
-91.8926084733612
583.6121319453699
276.09749467387854
311.65028286245916
90.02947048048843
302.7004192792898
484.7816534533796
158.9377943141311
179.81661325428308
474.58271926774637
-647.6940774168683
-79.43335463533683
410.6957218841148
748.9132467917827
-438.8673555243046
-206.6443768623209
-915.6401610643873
159.2150266469319
-598.3845582869785
-269.9886160692497
-678.3649410832107
915.9327968167278
97.80496728689532
-337.8352700001199
569.456239008028
180.3799392146348
135.0424298516449
480.7683952125893
1.4756361052419087
507.32475167125097
125.40351163121622
111.14868728873853
111.0352410746888
114.58587519948641
106.51371624031108
124.9609383108536
162.9662997090943
280.07594690239
261.3212766052349
172.92474018447206
157.18395434686636
141.0222442658281
215.69977954788294
931.1334729760025
-196.69386319054854
377.90145684705476
43.222301388514545
-67.1267494807554
685.9963212873489
-636.7852078488033
249.93171735970927
813.02936328
529.0
-404.35327390495655
-737.0
4.0
-278.88687123580115
513.5278548098645
526.8290333616369
-77.4473210014784
287.3551108095797
-183.4881694794544
631.0969732155036
-241.57613796295124
350.3759526135761
153.7264680940308
181.8859154638185
170.58325356751828
158.96277745766014
187.4115350275439
191.14373607344393
189.88354488119512
454.0280066959441
483.8043587203827
388.5484692499441
392.35246648490414
417.56993856454056
305.8616013111597
913.5275253485056
272.224454641243
495.9768381068362
93.38896308976435
233.64466288789708
-218.19649194831993
-791.4364421020136
-530.0
-820.8573955582045
-443.532759723426
179.90913592154456
215.35072506622632
105.33338280506283
465.31211868437055
860.6454150360855
621.3414279468215
397.8993451597909
172.82675871144997
-283.3335068047049
-650.1022147534501
432.65136908957305
519.0015120575869
271.2628673684136
653.6962083371319
158.335316031192
151.32954373882447
142.97385907361533
133.9418632160776
165.01857940879137
159.40971963461323
382.7396093196241
326.4496262868218
340.2354592135388
300.4087622869867
271.26534881849864
289.0762411293105
-59.78699200543636
64.16210317513311
275.42365928857157
113.50642310944107
455.2437896185255
450.6028933394363
115.27474688380535
652.4701856975569
59.28515090093597
632.3549615860823
-10.10908932088265
265.9795210356591
437.9993848366466
-104.36566274942092
750.7253547569637
-347.10941953833435
598.4091454437648
403.3392348541654
378.48850832898097
264.23696639316165
417.22975680681986
307.5995686248223
436.70045729199705
360.32221597042115
105.69480596178315
107.73723996067153
95.2233195559437
98.63651844510999
98.3325197283042
93.28752116751035
188.4801394065388
202.4859888389112
213.24367849943195
210.15917733426792
183.36856701155372
177.38353511654967
270.367241852999
304.8587021184077
268.2960193610394
307.8448579250986
281.2706125180792
253.72775769706033
243.52543172774725
239.20886723106332
243.66849609770304
241.1505163845862
226.41471178235173
211.8572495904858
335.4426718966924
396.26390563405215
333.2539729561686
263.7573369340853
345.4154557184227
333.404972144723
173.05119535882986
169.43999262757046
279.76402449305846
209.2074054739277
221.93606325303912
203.24303748013267
59.42811932595712
59.15837997280523
63.30667504604856
64.21238062351429
63.01053139896009
76.11937421537141
87.17084316713176
91.97725591960165
105.8345801177311
96.20185744374955
92.52218504787686
97.81260371246975
110.63585285536999
120.17844228775988
106.02534889092298
119.09010453152939
120.35701886250403
122.02633160124117
144.77460886350195
141.95556149423416
146.75276276943546
139.41730751464195
157.8418555599746
162.43859001592875
139.4460224785785
133.14247487721454
168.9261635928907
131.1741830647238
130.94677430759427
147.05113546909942
245.07208939169047
272.3316677904583
265.3550936180795
286.1084651682194
269.1169647376929
310.1131229234611
